             0.009779580803154            -4.686994199337494             0.122748172153015
             0.022108918598017            -4.061517528827400             0.141188731691259
             0.046411515250673            -3.446654999087341             0.182412626832331
             0.077343602296596            -2.975267359483413             0.217658740415070
             0.114025229479942            -2.582674385036383             0.250295634164965
             0.155268602887842            -2.244372572572493             0.280793271301091
             0.200223213238465            -1.945396921590448             0.309648370930352
             0.248316019795336            -1.675977016223833             0.337338749129653
             0.298832034813188            -1.431085464165233             0.363732535811377
             0.351137330621652            -1.206658984006832             0.388663700116063
             0.405119019637256            -0.998270255746261             0.412634805192293
             0.460633688245801            -0.803059791011297             0.435919659701765
             0.517584116786561            -0.618905997898623             0.458747885715594
             0.575613375366341            -0.445021647081586             0.480908022585303
             0.634442094775345            -0.280419636697088             0.502270904627464
             0.694102095617331            -0.123625151885070             0.523096743239427
             0.754547639099210             0.026321324686460             0.543495947189889
             0.815723471358790             0.170147741571292             0.563537243697225
             0.877472093364114             0.308229365363409             0.583137790426701
             0.939682801313227             0.441007814502307             0.602264017968368
             1.002373218288393             0.569093037808771             0.621030902852541
             1.065608789574382             0.693075876428935             0.639596827994224
             1.129412801008927             0.813354790484956             0.658054512747144
             1.193510237173651             0.929745980493083             0.676126697462600
             1.257786805796836             1.042439805670749             0.693732455420001
             1.322417366720984             1.152035193831265             0.711131421766067
             1.387806982318549             1.259418098130775             0.728841217067750
             1.453463092613111             1.363858066108899             0.746312016436735
             1.518932891073750             1.464996745130686             0.763052414990819
             1.584590447762844             1.563615462059080             0.779534644084800
             1.650344645503575             1.659772169264224             0.795682803823534
             1.716418911134180             1.753945551301482             0.811779704136592
             1.782966120421992             1.846436131854971             0.828019528370485
             1.849593957789336             1.936787746178276             0.843974983599572
             1.916095319010124             2.024900259049790             0.859434049436090
             1.983434274260951             2.112145834729082             0.875499417472851
             2.051025350955590             2.197700647061401             0.891524313071597
             2.118031708785869             2.280738734858226             0.906592369642886
             2.185178053899258             2.362275241584077             0.921529617190889
             2.252493604306223             2.442410082994310             0.936381287299015
             2.319966861190296             2.521198196811869             0.951146394340279
             2.387735275910699             2.598850654078962             0.965986080143123
             2.455607423810815             2.675185622786635             0.980699831936082
             2.523882664144202             2.750608425417397             0.995623958818036
             2.592354878858091             2.824875530625762             1.010540479673673
             2.660337394014336             2.897355769234216             1.024713331373862
             2.728226465597090             2.968565980694736             1.038584250677073
             2.796284709954124             3.038822722801975             1.052445035253953
             2.864545331646795             3.108190283780729             1.066337930256408
             2.933053806513520             3.176738572315877             1.080317618899945
             3.001965750354605             3.244638586944262             1.094555515873199
             3.071336631884546             3.311940484520558             1.109114314962847
             3.140141255999266             3.377675253816812             1.122904982042390
             3.208201391439660             3.441816163742228             1.135747826836984
             3.276336171570145             3.505178261496197             1.148522349193818
             3.344561186084903             3.567800178467164             1.161249671542088
             3.412912236846283             3.629736038077344             1.173972265597337
             3.481348234524395             3.690966132427490             1.186649922050651
             3.552614173307876             3.753921934875601             1.202177921602497
             3.624697397818540             3.816540773095982             1.218428643057096
             3.694047126166222             3.875987047189965             1.231675660428261
             3.762738145247172             3.934172551729770             1.244111409171980
             3.831358143295443             3.991633220546303             1.256358007857851
             3.899976286772025             4.048449620645113             1.268490763511754
             3.968623281428731             4.104665833201159             1.280545314488231
             4.037701253021154             4.160622278616204             1.292943432231678
             4.107625243377455             4.216625631670613             1.306117801966129
             4.177679714022253             4.272077547303436             1.319324886141532
             4.247299238484337             4.326575816265080             1.331979889244961
             4.316731816151547             4.380348836877348             1.344344563535129
             4.386061107993033             4.433485491080871             1.356508779832117
             4.455332458877472             4.486040524799234             1.368522242477215
             4.525032957737326             4.538394903910570             1.380890116782451
             4.595185028609906             4.590540668938895             1.393636518496134
             4.665129824513142             4.642000150946109             1.406083089247833
             4.734868073483855             4.692805284522010             1.418233809657950
             4.804568687189848             4.743094536837828             1.430264919632536
             4.874175226061409             4.792843283851894             1.442120590365350
             4.943738289883449             4.842103940089863             1.453854859692915
             5.013921930548112             4.891351657235073             1.466149864339406
             5.084383984623901             4.940313801228021             1.478654731130983
             5.154188643436949             4.988374558537018             1.490414536739496
             5.223929099253832             5.035976617163849             1.502038396436061
             5.293950356109275             5.083349597029401             1.513879873892466
             5.363878071184091             5.130246762491478             1.525558292313520
             5.433521143263317             5.176558852925132             1.536881221419784
             5.504032420586437             5.223064687164404             1.549022520867857
             5.574855608825584             5.269343600744505             1.561416332230517
             5.644727965301648             5.314622028734751             1.572781320554431
             5.714355903350214             5.359385397522038             1.583837769008950
             5.784130419690865             5.403895208491279             1.594983778638276
             5.854447044676471             5.448396860332843             1.606621039618357
             5.925005158433232             5.492684953710064             1.618444507088129
             5.995765358777168             5.536744407301759             1.630415255856183
             6.066097530318197             5.580177280677112             1.641897372299657
             6.135768346632834             5.622888289854004             1.652657397932208
             6.205687902676509             5.665439689013803             1.663615873641675
             6.275843752858950             5.707820403592563             1.674761036108162
             6.346061209381861             5.749925024478889             1.685916674738192
             6.410776796729405             5.788454793670522             1.691483959183689
