             0.100000001490116            -2.057748261559369
             0.105905907308588            -1.785054000303087
             0.111811813127060            -1.636160203016540
             0.117717719632383            -2.035571740318287
             0.123623624764004            -2.478229826268414
             0.129529529895626            -2.716595757148640
             0.135435437774649            -2.180589077911212
             0.141341342906271            -1.967680081074251
             0.147247248037893            -2.382128018569813
             0.153153155916916            -3.149533820795597
             0.159059058301136            -2.623812371281380
             0.164964966180159            -2.288335897942089
             0.170870874059182            -2.117210401340485
             0.176776776443402            -2.005891321613833
             0.182682684322426            -1.925720822314690
             0.188588592201449            -1.804890286122383
             0.194494494585669            -1.864896644399575
             0.200400396969889            -1.927722248036695
             0.206306310343716            -1.993950361240986
             0.212212212727936            -2.064334069979950
             0.218118115112156            -2.139868582325275
             0.224024028485982            -2.221974685772076
             0.229929930870202            -2.312658260124228
             0.235835833254422            -1.700628861268902
             0.241741746628249            -1.723291031214045
             0.247647649012469            -1.744962441748577
             0.253553551396689            -1.765603986530190
             0.259459464770515            -1.785190108696812
             0.265365367154735            -2.067564319282191
             0.271271269538955            -2.050592087269811
             0.277177182912782            -2.036834480556609
             0.283083085297002            -2.025829710350366
             0.288988987681222            -2.017197741365544
             0.294894890065442            -2.010644105896247
             0.300800792449662            -2.005939086863129
             0.306706716813095            -2.002875222631787
             0.312612619197315            -2.290265402520597
             0.318518521581535            -2.297559456598475
             0.324424423965755            -2.302342476531390
             0.330330326349975            -2.304721763710838
             0.336236228734195            -2.304823225659647
             0.342142153097628            -2.302838777266746
             0.348048055481848            -2.298921306464456
             0.353953957866068            -2.293266278502612
             0.359859860250288            -1.808068628917528
             0.365765762634508            -1.816234287939671
             0.371671665018728            -1.824913167732510
             0.377577589382161            -3.520865548260096
             0.383483491766381            -4.308941976851078
             0.389389394150601            -3.670436303538195
             0.395295296534821            -3.313323183737713
             0.401201198919041            -3.115200923953946
             0.407107101303261            -2.976341928841633
             0.413013003687482            -2.868925711573820
             0.418918928050914            -2.781133790162996
             0.424824830435134            -1.809022654727440
             0.430730732819354            -2.566519922740429
             0.436636635203575            -2.636028570056160
             0.442542537587795            -2.719388461538037
             0.448448439972015            -2.823256225097712
             0.454354364335447            -2.960685819378248
             0.460260266719668            -3.163924992242679
             0.466166169103888            -3.560208387925829
             0.472072071488108            -3.866690751268900
             0.477977973872328            -3.261197766767900
             0.483883876256548            -1.854071793621931
             0.489789778640768            -2.541262776598436
             0.495695681024988            -2.619923460850641
             0.501601583409208            -2.715670994654293
             0.507507529751854            -2.838097912553804
             0.513413432136074            -3.008408008787596
             0.519319334520294            -3.290814124911689
             0.525225236904514            -4.345804654515351
             0.531131139288734            -1.883564073704306
             0.537037041672954            -2.541027125020380
             0.542942944057174            -2.626366868481657
             0.548848846441394            -2.731836654683167
             0.554754748825614            -2.870228513265598
             0.560660651209834            -3.072830135308256
             0.566566553594054            -3.459882489163177
             0.572472455978274            -3.828888730919962
             0.578378358362494            -3.193991338853262
             0.584284304705140            -1.873380092223376
             0.590190207089360            -2.772753185765856
             0.596096109473580            -2.934414715020799
             0.602002011857800            -3.191734446121673
             0.607907914242020            -3.893897428588080
             0.613813816626240            -3.416526939812967
             0.619719719010460            -3.050754145586481
             0.625625621394680            -2.856438051974230
             0.631531523778900            -1.877781620141367
             0.637437426163120            -3.245553891690630
             0.643343328547340            -4.380598063264578
             0.649249230931561            -3.318767714658267
             0.655155177274206            -3.001537646767421
             0.661061079658426            -2.821546709406369
             0.666966982042646            -2.695705957854496
             0.672872884426866            -2.599073902543918
             0.678778786811086            -1.939262763575998
             0.684684689195306            -3.066918102813445
             0.690590591579527            -2.860880641180756
             0.696496493963747            -2.722879883494465
             0.702402396347967            -2.619226540263632
             0.708308298732187            -2.536348128414915
             0.714214201116407            -2.467402959567952
             0.720120103500627            -1.995018871015396
             0.726026005884847            -2.019592779517606
             0.731931952227493            -2.603422485578647
             0.737837854611713            -2.522680267941163
             0.743743756995933            -2.455247122560722
             0.749649659380153            -2.397429891996707
             0.755555561764373            -2.346886080378543
             0.761461464148593            -2.066729201713238
             0.767367366532813            -2.095218953311563
             0.773273268917033            -2.423884548196072
             0.779179171301253            -2.369782525516600
             0.785085073685473            -2.322132072289335
             0.790990976069693            -2.279600554754174
             0.796896878453913            -2.241241754033619
             0.802802824796559            -2.159515266642906
             0.808708727180779            -2.194123181681469
             0.814614629564999            -2.231336209004645
             0.820520531949219            -2.247854916813611
             0.826426434333439            -2.212193668669028
             0.832332336717659            -2.179550870717331
             0.838238239101879            -2.242671001466881
             0.844144141486099            -2.284104723596107
             0.850050043870319            -2.329432821674831
             0.855955946254539            -2.379519413723076
             0.861861848638759            -2.435592806327808
             0.867767751022979            -2.119668359806380
             0.873673653407199            -2.093772454883743
             0.879579555791420            -2.406365774805237
             0.885485458175640            -2.466110994305488
             0.891391360559860            -2.534674233127954
             0.897297262944080            -2.615260502429830
             0.903203165328300            -2.713215227151946
             0.909109067712520            -2.040575588863835
             0.915015058013591            -2.019493697642722
             0.920920960397811            -2.678875907928120
             0.926826862782031            -2.793996216456158
             0.932732765166251            -2.949286806635416
             0.938638667550471            -3.190196521922872
             0.944544569934691            -3.766027465430606
             0.950450472318911            -1.972006633435589
             0.956356374703131            -3.140189064344530
             0.962262277087351            -3.604937017370303
             0.968168179471572            -3.651798701153625
             0.974074081855792            -3.161255079118605
             0.979979984240012            -2.938404619091766
             0.985885886624232            -2.793000253789688
             0.991791789008452            -2.015736909013380
             0.997697691392672            -2.038307622753075
             1.003603593776892            -2.794787994906099
             1.009509496161112            -2.686359708458508
             1.015415398545332            -2.600358997488432
             1.021321300929552            -2.529207758583257
             1.027227203313772            -2.468604945126755
             1.033133105697992            -2.120144392922936
             1.039039008082212            -2.147987281170874
             1.044944910466432            -2.461733588442878
             1.050850812850652            -2.409748882026667
             1.056756715234872            -2.363720185924578
             1.062662705535943            -2.322473008789210
             1.068568607920164            -2.221946267595492
             1.074474510304384            -2.256391375292173
             1.080380412688604            -2.293459785379359
             1.086286315072824            -2.276315048098567
             1.092192217457044            -2.242871249976911
             1.098098119841264            -2.212081170092577
             1.104004022225484            -2.355721419098317
             1.109909924609704            -2.401867653236470
             1.115815826993924            -2.453030756151537
             1.121721729378144            -2.510500589768752
             1.127627631762364            -2.147707733998671
             1.133533534146584            -2.123455964836739
             1.139439436530804            -2.550185390156829
             1.145345338915024            -2.622412141706212
             1.151251241299244            -2.708278947884534
             1.157157143683464            -2.814386408340334
             1.163063046067685            -2.953702522350825
             1.168968948451905            -3.157850856210658
             1.174874850836125            -2.030768164876331
             1.180780753220345            -3.091554113604196
             1.186686655604565            -3.404225829957327
             1.192592557988785            -4.745432650822371
             1.198498460373005            -3.369788305371967
             1.204404362757225            -3.079750123783090
             1.210310353058296            -2.034723097174305
             1.216216255442516            -3.119332981584201
             1.222122157826736            -2.934306024778838
             1.228028060210956            -2.805840093886077
             1.233933962595176            -2.707545369728106
             1.239839864979396            -2.628033671978538
             1.245745767363617            -2.123096301519424
             1.251651669747837            -2.147609590031287
             1.257557572132057            -2.566643688298339
             1.263463474516277            -2.508448812482300
             1.269369376900497            -2.457523165070309
             1.275275279284717            -2.412289516225602
             1.281181181668937            -2.233000491995936
             1.287087084053157            -2.263860712471659
             1.292992986437377            -2.296811776485802
             1.298898888821597            -2.334540480724102
             1.304804791205817            -2.300721279244108
             1.310710693590037            -2.269581222235750
             1.316616595974257            -2.378717149999316
             1.322522498358477            -2.421162328779710
             1.328428400742697            -2.467827450363479
             1.334334303126917            -2.519691702838110
             1.340240205511138            -2.186538457228703
             1.346146107895358            -2.163066700745496
             1.352052010279578            -2.140963112291568
             1.357958000580649            -2.666598258543059
             1.363863902964869            -2.749639498672086
             1.369769805349089            -2.851534461402000
             1.375675707733309            -2.983744591315959
             1.381581610117529            -3.172971501769602
             1.387487512501749            -2.060494625570441
             1.393393414885969            -3.270600942377238
             1.399299317270189            -3.764062629537188
             1.405205219654409            -3.722890438614269
             1.411111122038629            -3.261160462723333
             1.417017024422849            -3.043713557359311
             1.422922926807070            -2.081435103832913
             1.428828829191290            -2.101321000624402
             1.434734731575510            -2.849002268092801
             1.440640633959730            -2.752800321446941
             1.446546536343950            -2.674610252085543
             1.452452438728170            -2.608813405562412
             1.458358341112390            -2.180798004647012
             1.464264243496610            -2.205199003061349
             1.470170145880830            -2.525187025280662
             1.476076048265050            -2.478189182078569
             1.481981950649270            -2.436069759119670
             1.487887853033490            -2.397935074234121
             1.493793755417710            -2.307736615692510
             1.499699657801930            -2.339749166994347
             1.505605648103001            -2.374046062275749
             1.511511550487221            -2.313049674814388
             1.517417452871441            -2.284614244771790
             1.523323355255662            -2.258105535319173
             1.529229257639882            -2.484621289243967
             1.535135160024102            -2.532174113440955
             1.541041062408322            -2.585192393494165
             1.546946964792542            -2.645153336445503
             1.552852867176762            -2.173805310629021
             1.558758769560982            -2.153689480693025
             1.564664671945202            -2.781684683532094
             1.570570574329422            -2.878505645926908
             1.576476476713642            -3.002211430026366
             1.582382379097862            -3.174420380408753
             1.588288281482082            -3.461270458094686
             1.594194183866302            -2.070560133309330
             1.600100086250522            -4.268890206177434
             1.606005988634742            -3.573606831467716
             1.611911891018962            -3.232415037808566
             1.617817793403183            -3.044728908634772
             1.623723695787403            -2.914846284965983
             1.629629598171623            -2.136153412529369
             1.635535500555843            -2.155968358150125
             1.641441402940063            -2.736803965513868
             1.647347305324283            -2.669022370478745
             1.653253207708503            -2.610737526258359
             1.659159110092723            -2.559669226355202
             1.665065012476943            -2.247440882507950
             1.670970914861163            -2.272469636699945
             1.676876817245383            -2.298854838781000
             1.682782719629603            -2.434489408487079
             1.688688622013823            -2.400505788858797
             1.694594524398043            -2.369181728896014
             1.700500426782263            -2.394636025394143
             1.706406329166483            -2.429152229255275
             1.712312231550704            -2.466404964764269
             1.718218133934924            -2.284933621908936
             1.724124212152846            -2.261244437270493
             1.730030114537066            -2.238898610866901
             1.735936016921286            -2.614314954148777
             1.741841919305506            -2.671412639129670
             1.747747821689726            -2.736732841337381
             1.753653724073946            -2.813130901861610
             1.759559626458166            -2.157325200233728
             1.765465528842386            -2.939912530139545
             1.771371431226606            -3.067841951181966
             1.777277333610826            -3.248604266206386
             1.783183235995046            -3.561159601161794
             1.789089138379266            -4.885122853326383
             1.794995040763486            -3.524307877348289
             1.800900943147707            -2.109167669659386
             1.806806845531927            -3.158096974304199
             1.812712747916147            -3.009570092504819
             1.818618650300367            -2.899679769316323
             1.824524552684587            -2.812526697266148
             1.830430455068807            -2.740253149229148
             1.836336357453027            -2.210358890677527
             1.842242259837247            -2.231105095814676
             1.848148162221467            -2.602580463883348
             1.854054064605687            -2.557343557620915
             1.859959966989907            -2.516605473960845
             1.865865869374127            -2.314049528138069
             1.871771771758347            -2.339983240424253
             1.877677674142567            -2.367399746996877
             1.883583576526787            -2.398835660094286
             1.889489478911007            -2.370730266362044
             1.895395381295228            -2.344480749085765
             1.901301283679448            -2.484042791789359
             1.907207186063668            -2.521884147971469
             1.913113088447888            -2.563092662203393
             1.919018990832108            -2.608352894268892
             1.924924893216328            -2.242352204702918
             1.930830795600548            -2.223173334364339
             1.936736697984768            -2.760892312576955
             1.942642600368988            -2.833354528896246
             1.948548502753208            -2.919837612576502
             1.954454405137428            -3.027251132557097
             1.960360307521648            -3.169188466809149
             1.966266209905868            -2.129761906746968
             1.972172112290088            -3.672062661852495
             1.978078014674308            -4.330285266538059
             1.983983917058529            -3.515930819427697
             1.989889819442749            -3.250638656829327
             1.995795721826969            -3.087891801342012
             2.001701624211189            -2.167635228951524
             2.007607526595409            -2.891171821010956
             2.013513428979629            -2.813163352976455
             2.019419507197551            -2.747443631691034
             2.025325409581771            -2.690616083227282
             2.031231311965991            -2.640627341639335
             2.037137214350211            -2.280303905497989
             2.043043116734431            -2.302043240218445
             2.048949019118651            -2.522172969458016
             2.054854921502871            -2.488133421309017
             2.060760823887091            -2.456731257002071
             2.066666726271311            -2.427597789702872
             2.072572628655531            -2.429951963890803
             2.078478531039751            -2.460134671328039
             2.084384433423971            -2.492395382501161
             2.090290335808191            -2.328971170421342
             2.096196238192412            -2.307507022668863
             2.102102140576632            -2.609804775093303
             2.108008042960852            -2.655328457473737
             2.113913945345072            -2.705908203580021
             2.119819847729292            -2.762847425121118
             2.125725750113512            -2.828028724812549
             2.131631652497732            -2.198141980143528
             2.137537554881952            -3.013684891813980
             2.143443457266172            -3.136221549452446
             2.149349359650392            -3.306472722169640
             2.155255262034612            -3.588395437614900
             2.161161164418832            -4.630586151126161
             2.167067066803052            -2.135648672793540
             2.172972969187272            -3.305795164724044
             2.178878871571492            -3.138585777475930
             2.184784773955712            -3.018688629478278
             2.190690676339933            -2.925094486302519
             2.196596578724153            -2.848628181168470
             2.202502481108373            -2.236311579926146
             2.208408383492593            -2.254264483001526
             2.214314285876813            -2.665085049587634
             2.220220188261033            -2.622025722231513
             2.226126090645253            -2.583039145015334
             2.232031993029473            -2.547435917385662
             2.237937895413693            -2.365128156800949
             2.243843797797913            -2.388836385753431
             2.249749700182133            -2.413787223664031
             2.255655602566353            -2.420758194202536
             2.261561504950573            -2.396417116235238
             2.267467407334793            -2.373477744066273
             2.273373309719013            -2.545527934214199
             2.279279212103233            -2.581036698962833
             2.285185114487454            -2.619513585763601
             2.291091016871674            -2.285532532136655
             2.296996919255894            -2.267996524366199
             2.302902821640114            -2.789691053171331
             2.308808724024334            -2.852697183681469
             2.314714802242256            -2.925960000630385
             2.320620704626476            -3.013767719000574
             2.326526607010696            -3.123350911118054
             2.332432509394916            -2.170340570351866
             2.338338411779136            -3.707433667642068
             2.344244314163356            -4.750996804935131
             2.350150216547576            -3.637113281572981
             2.356056118931797            -3.354101429486910
             2.361962021316017            -3.184846906387225
             2.367867923700237            -2.201344317746868
             2.373773826084457            -2.917482175076424
             2.379679728468677            -2.848316162935551
             2.385585630852897            -2.788926773134263
             2.391491533237117            -2.736919042546869
             2.397397435621337            -2.690728394842175
             2.403303338005557            -2.315077912793741
             2.409209240389777            -2.334439784795725
             2.415115142773997            -2.553280112906722
             2.421021045158217            -2.522868756402772
             2.426926947542437            -2.494574338402900
             2.432832849926657            -2.468128842395752
             2.438738752310877            -2.466816503323194
             2.444644654695098            -2.493861066341666
             2.450550557079318            -2.522567080573245
             2.456456459463538            -2.361081608939171
             2.462362361847758            -2.341840407092027
             2.468268264231978            -2.655721372573542
             2.474174166616198            -2.697393162902010
             2.480080069000418            -2.743273926208966
             2.485985971384638            -2.794337001545133
             2.491891873768858            -2.851937784904414
             2.497797776153078            -2.230511951433959
             2.503703678537298            -3.086473171442268
             2.509609580921518            -3.206194661363103
             2.515515483305738            -3.371142641210500
             2.521421385689958            -3.638718286380954
             2.527327288074178            -4.456788903379005
             2.533233190458398            -2.171996985755848
             2.539139092842619            -3.259608576860676
             2.545044995226839            -3.129060172539977
             2.550950897611059            -3.029018483850418
             2.556856799995279            -2.948243609127943
             2.562762702379499            -2.880436155748157
             2.568668604763719            -2.274109166942779
             2.574574507147939            -2.290317625024263
             2.580480409532159            -2.680174445876147
             2.586386311916379            -2.642806154503641
             2.592292214300599            -2.608542360153085
             2.598198116684819            -2.384890980056990
             2.604104019069039            -2.405522256987880
             2.610010097286962            -2.427065103897945
             2.615915999671182            -2.466726715878699
             2.621821902055402            -2.444000184513505
             2.627727804439622            -2.422493561302087
             2.633633706823842            -2.560819113511139
             2.639539609208062            -2.591396230548594
             2.645445511592282            -2.624146206071325
             2.651351413976502            -2.659413467703845
             2.657257316360722            -2.309771756289928
             2.663163218744942            -2.294228807549139
             2.669069121129162            -2.855220649595747
             2.674975023513382            -2.916148716132676
             2.680880925897602            -2.986720751989739
             2.686786828281822            -3.070642164363868
             2.692692730666042            -3.174273282045510
             2.698598633050262            -2.196571067883974
             2.704504535434483            -4.210605159663474
             2.710410437818703            -3.931679783153347
             2.716316340202923            -3.530309059250850
             2.722222242587143            -3.326006983227098
             2.728128144971363            -3.188107209567149
             2.734034047355583            -2.238922437539996
             2.739939949739803            -2.901808509476167
             2.745845852124023            -2.845163985976541
             2.751751754508243            -2.795254794256872
             2.757657656892463            -2.750667091861487
             2.763563559276683            -2.337788890629156
             2.769469461660903            -2.354859758806919
             2.775375364045123            -2.372556139552273
             2.781281266429343            -2.565201724484464
             2.787187168813563            -2.538864214232303
             2.793093071197783            -2.514129757414231
             2.798998973582004            -2.487087276291026
             2.804904875966224            -2.510812227658703
             2.810810778350444            -2.535805707246877
             2.816716680734664            -2.398295862269009
             2.822622583118884            -2.380574515043299
             2.828528485503104            -2.363614167986815
             2.834434387887324            -2.712237898613963
             2.840340290271544            -2.751878380543391
             2.846246192655764            -2.795377529923174
             2.852152095039984            -2.843522893371082
             2.858057997424204            -2.266215069346909
             2.863963899808424            -3.093287135459373
             2.869869802192644            -3.193621689062235
             2.875775704576864            -3.323734849188048
             2.881681606961084            -3.509458175743355
             2.887587509345305            -3.838813090885058
             2.893493411729525            -2.176863893605043
             2.899399314113745            -3.319776737834468
             2.905305392331667            -3.192781698405632
             2.911211294715887            -3.094673326516848
             2.917117197100107            -3.015148937916778
             2.923023099484327            -2.948196007992237
             2.928929001868547            -2.296983403449353
             2.934834904252767            -2.311360838898867
             2.940740806636987            -2.719734846779682
             2.946646709021207            -2.684997072919364
             2.952552611405427            -2.652951067488545
             2.958458513789647            -2.623217435608953
             2.964364416173867            -2.426490438734289
             2.970270318558087            -2.445552733311882
             2.976176220942307            -2.465413455119034
             2.982082123326527            -2.480189516541849
             2.987988025710747            -2.460332978528845
             2.993893928094967            -2.441414418896997
             2.999799830479188            -2.608766889419776
             3.005705732863408            -2.637472572813085
             3.011611635247628            -2.668092149596118
             3.017517537631848            -2.700908227481943
             3.023423440016068            -2.328868000687112
             3.029329342400288            -2.869765185910216
             3.035235244784508            -2.922644607555035
             3.041141147168728            -2.982628614259123
             3.047047049552948            -3.051967744452589
             3.052952951937168            -3.134186505278278
             3.058858854321388            -2.229259959335453
             3.064764756705608            -4.015741430201266
             3.070670659089828            -4.259086219627778
             3.076576561474048            -3.686076276086704
             3.082482463858268            -3.448021150930752
             3.088388366242488            -3.295597306947947
             3.094294268626709            -2.260647586743465
             3.100200171010929            -2.942936220771693
             3.106106073395149            -2.889813329573239
             3.112011975779369            -2.842647935909987
             3.117917878163589            -2.800252799966832
             3.123823780547809            -2.761763567507700
             3.129729682932029            -2.374741896700705
             3.135635585316249            -2.390428019380111
             3.141541487700469            -2.600913500471548
             3.147447390084689            -2.576518111237525
             3.153353292468909            -2.553500717000106
             3.159259194853129            -2.506496913560718
             3.165165097237349            -2.527509343297067
             3.171070999621569            -2.549510083106176
             3.176976902005789            -2.572600937995944
             3.182882804390009            -2.414455151014222
             3.188788706774230            -2.398793758054621
             3.194694609158450            -2.726506724704357
             3.200600511542670            -2.761207004818619
             3.206506413926890            -2.798784386315578
             3.212412316311110            -2.839772831387078
             3.218318218695330            -2.298007744116427
             3.224224121079550            -2.286217257766961
             3.230130023463770            -3.183936295597866
             3.236035925847990            -3.289465423233061
             3.241941828232210            -3.428589356320638
             3.247847730616430            -3.633610079317904
             3.253753633000650            -4.032894990444733
             3.259659535384870            -2.227651507287499
             3.265565437769090            -3.257894544147701
             3.271471340153310            -3.160529906975308
             3.277377242537530            -3.081583649602070
             3.283283144921751            -3.014933019106287
             3.289189047305971            -2.957348405499815
             3.295094949690191            -2.329353659170930
             3.301000852074411            -2.758397489739039
             3.306906754458631            -2.725868094853168
             3.312812656842851            -2.695705728897941
             3.318718559227071            -2.667595491035758
             3.324624461611291            -2.443553579423260
             3.330530363995511            -2.460429042902998
             3.336436266379731            -2.477926425643460
             3.342342168763951            -2.515091352422356
             3.348248422815575            -2.496688786433824
             3.354154325199795            -2.479048157137146
             3.360060227584015            -2.620947800382926
             3.365966129968236            -2.646070967190486
             3.371872032352456            -2.672645375198165
             3.377777934736676            -2.700855008094841
             3.383683837120896            -2.362119294656726
             3.389589739505116            -2.349359293747024
             3.395495641889336            -2.920613338681506
             3.401401544273556            -2.971156869027905
             3.407307446657776            -3.028164979778647
             3.413213349041996            -3.093569709841851
             3.419119251426216            -2.260638049598099
             3.425025153810436            -3.818548672638607
             3.430931056194656            -4.655510552201380
             3.436836958578876            -3.969694577854429
             3.442742860963096            -3.626837452735784
             3.448648763347316            -3.438154919343796
             3.454554665731536            -3.307424064748467
             3.460460568115757            -2.288693105866065
             3.466366470499977            -2.942296319774787
             3.472272372884197            -2.896561237610561
             3.478178275268417            -2.855314852657573
             3.484084177652637            -2.817765016547642
             3.489990080036857            -2.389205338689917
             3.495895982421077            -2.403070981906319
             3.501801884805297            -2.639719461900051
             3.507707787189517            -2.616768105926357
             3.513613689573737            -2.595037307711991
             3.519519591957957            -2.574407017094102
             3.525425494342177            -2.537295868364108
             3.531331396726397            -2.556538922449498
             3.537237299110617            -2.576608633137365
             3.543143201494837            -2.449652571607636
             3.549049103879057            -2.435023879454182
             3.554955006263278            -2.730334046642338
             3.560860908647498            -2.760228980884873
             3.566766811031718            -2.792229513186444
             3.572672713415938            -2.826663376557848
             3.578578615800158            -2.330507845495101
             3.584484518184378            -2.319552219456162
             3.590390420568598            -3.150635578844952
             3.596296322952818            -3.232482199267190
             3.602202225337038            -3.333065319829581
             3.608108127721258            -3.463717300332735
             3.614014030105478            -3.650732967926655
             3.619919932489698            -2.242416384073966
             3.625825834873918            -3.363214135802971
             3.631731737258138            -3.257720207900829
             3.637637639642358            -3.173148414486035
             3.643543542026578            -3.102594168611899
             3.649449444410799            -3.042091368337237
             3.655355346795019            -2.341330387168570
             3.661261249179239            -2.352922298976177
             3.667167151563459            -2.775426426604306
             3.673073053947679            -2.746248911133272
             3.678978956331899            -2.718990220935398
             3.684884858716119            -2.693418208292867
             3.690790761100339            -2.467896153205357
             3.696696663484559            -2.483184221469949
             3.702602565868779            -2.554558930241653
             3.708508468252999            -2.537102027766457
             3.714414370637219            -2.520395284608167
             3.720320273021439            -2.623005293537799
             3.726226175405659            -2.644672182812044
             3.732132077789879            -2.667406199356376
             3.738037980174099            -2.691321821258066
             3.743943882558320            -2.397919360439992
             3.749849784942540            -2.385932705269451
             3.755755687326760            -2.901548926086556
             3.761661589710980            -2.942847446332349
             3.767567492095200            -2.988345541403464
             3.773473394479420            -3.039012603909849
             3.779379296863640            -2.293721048568223
             3.785285199247860            -3.599562394761791
             3.791191101632080            -3.855724670777299
             3.797097004016300            -4.557522440332491
             3.803002906400520            -4.077418828206694
             3.808908808784740            -3.709102110235975
             3.814814711168960            -3.514136446180714
             3.820720613553180            -2.298478973279639
             3.826626515937400            -3.016033077048600
             3.832532418321621            -2.969229063954558
             3.838438320705841            -2.927100674057354
             3.844344223090061            -2.888808130009116
             3.850250125474281            -2.396422740874007
             3.856156027858501            -2.408574991598839
             3.862061930242721            -2.421039971336231
             3.867967832626941            -2.665220542756223
             3.873873735011161            -2.644167849001488
             3.879779637395381            -2.624145931816133
             3.885685539779601            -2.537849981582617
             3.891591442163821            -2.554458944375614
             3.897497344548041            -2.571677315447829
             3.903403246932261            -2.489748882587668
             3.909309149316481            -2.475831504072559
             3.915215051700701            -2.462384714278509
             3.921120954084921            -2.745919263461257
             3.927026856469142            -2.772555967461966
             3.932932758853362            -2.800849381641880
             3.938839012904986            -2.830933406634416
             3.944744915289206            -2.356007932990384
             3.950650817673426            -3.091830201491776
             3.956556720057646            -3.152282047241663
             3.962462622441866            -3.222312662190226
             3.968368524826086            -3.305585640848555
             3.974274427210306            -3.408375009536479
             3.980180329594526            -2.263085929072072
             3.986086231978746            -3.565899661893612
             3.991992134362966            -3.425957936081022
             3.997898036747186            -3.320554693493142
             4.003803939131407            -3.236020119570103
             4.009709841515626            -3.165473968469515
             4.015615743899847            -2.346454487358780
             4.021521646284066            -2.356600045093437
             4.027427548668287            -2.840858945474608
             4.033333451052506            -2.811416669287495
             4.039239353436727            -2.783919270935323
             4.045145255820946            -2.758130039417699
             4.051051158205167            -2.467023975610881
             4.056957060589387            -2.480224686408578
             4.062862962973607            -2.602284031057213
             4.068768865357827            -2.585340413615158
             4.074674767742048            -2.569077645119062
             4.080580670126267            -2.613967059233067
             4.086486572510488            -2.632314896427014
             4.092392474894707            -2.651417955969711
             4.098298377278928            -2.671343555086316
             4.104204279663147            -2.438745504413028
             4.110110182047368            -2.427280453645019
             4.116016084431587            -2.865770051104338
             4.121921986815808            -2.898491018372861
             4.127827889200027            -2.933778323667346
             4.133733791584248            -2.972078225473099
             4.139639693968467            -2.330360921368004
             4.145545596352688            -2.321555690523949
             4.151451498736908            -3.518151953870985
             4.157357401121129            -3.685825542940468
             4.163263303505348            -3.961485588701620
             4.169169205889569            -4.897406117988564
             4.175075108273788            -4.077370577123162
             4.180981010658009            -2.301819993257122
             4.186886913042228            -3.128151841593601
             4.192792815426449            -3.075757816967934
             4.198698717810668            -3.029129563510944
             4.204604620194889            -2.987134113307862
             4.210510522579108            -2.948942725850953
             4.216416424963329            -2.406502131189474
             4.222322327347548            -2.417270612763288
             4.228228229731769            -2.726970969505040
             4.234134132115988            -2.705824086999633
             4.240040034500209            -2.685712067520787
             4.245945936884429            -2.528898257589720
             4.251851839268650            -2.543018187819276
             4.257757741652869            -2.557573075563909
             4.263663644037090            -2.537657610951587
             4.269569546421309            -2.524097085554558
             4.275475448805530            -2.510981631970155
             4.281381351189749            -2.718927696729117
             4.287287253573970            -2.740610218854342
             4.293193155958189            -2.763370389691988
             4.299099058342410            -2.787324383700303
             4.305004960726629            -2.397499782355556
             4.310910863110850            -2.387828230362573
             4.316816765495069            -3.059275753887653
             4.322722667879290            -3.107362139987126
             4.328628570263509            -3.161292195058267
             4.334534472647730            -3.222708031388362
             4.340440375031950            -2.300487074232654
             4.346346277416171            -4.189610153608465
             4.352252179800390            -3.810364552032306
             4.358158082184611            -3.611464216286054
             4.364063984568830            -3.475859339445162
             4.369969886953051            -3.373248773150018
             4.375875789337270            -2.344799613823988
             4.381781691721491            -2.353597084719965
             4.387687594105710            -2.931369287512994
             4.393593496489931            -2.899774377704193
             4.399499398874150            -2.870396633773745
             4.405405301258371            -2.842949754598244
             4.411311203642590            -2.458137807713588
             4.417217106026811            -2.469397566854233
             4.423123008411030            -2.661988930139557
             4.429028910795251            -2.644995506663633
             4.434934813179471            -2.628683281975226
             4.440840715563692            -2.613001241571951
             4.446746617947911            -2.610065430702194
             4.452652520332132            -2.625854657287671
             4.458558422716351            -2.642197000973240
             4.464464325100572            -2.486814329441065
             4.470370227484791            -2.475603851618527
             4.476276129869012            -2.817283417158644
             4.482182032253231            -2.842642000371448
             4.488087934637452            -2.869503060040036
             4.493993837021671            -2.898060604254815
             4.499899739405892            -2.928548805041566
             4.505805641790111            -2.363625925535163
             4.511711544174332            -3.289001882338956
             4.517617446558551            -3.367451526193728
             4.523523348942772            -3.462996263948995
             4.529429602994396            -3.585860583317680
             4.535335505378616            -3.756490813064277
             4.541241407762836            -2.275442594757535
             4.547147310147056            -3.313933352508706
             4.553053212531276            -3.244954622217516
             4.558959114915496            -3.185584157823328
             4.564865017299716            -3.133485478005449
             4.570770919683937            -3.087082655240478
             4.576676822068157            -2.397677079189208
             4.582582724452377            -2.406888970845182
             4.588488626836597            -2.807752908053848
             4.594394529220817            -2.785467253131138
             4.600300431605037            -2.764320928363708
             4.606206333989257            -2.744205452445998
             4.612112236373477            -2.523734963710371
             4.618018138757697            -2.535887587205444
             4.623924041141917            -2.595984104702958
             4.629829943526137            -2.582385458034782
             4.635735845910357            -2.569231728771571
             4.641641748294577            -2.682560531591553
             4.647547650678797            -2.699938599982058
             4.653453553063017            -2.717995756672941
             4.659359455447238            -2.736789187942263
             4.665265357831458            -2.445690317851340
             4.671171260215678            -2.436203735513501
             4.677077162599898            -2.963866740184784
             4.682983064984118            -2.997136575609614
             4.688888967368338            -3.033076544805819
             4.694794869752558            -3.072161426790040
             4.700700772136778            -2.342756757998479
             4.706606674520998            -3.732766348010322
             4.712512576905218            -3.974744928500101
             4.718418479289438            -4.566382501606756
             4.724324381673658            -4.288060247320487
             4.730230284057878            -3.886117789902823
             4.736136186442098            -3.681397925410067
             4.742042088826318            -2.344825889048553
             4.747947991210538            -3.062753177657927
             4.753853893594759            -3.025470766589104
             4.759759795978979            -2.991216810490525
             4.765665698363199            -2.959541705744879
             4.771571600747419            -2.442631675718911
             4.777477503131639            -2.452140179569890
             4.783383405515859            -2.461838008354650
             4.789289307900079            -2.720315818097734
             4.795195210284299            -2.703284286865400
             4.801101112668519            -2.686933923140494
             4.807007015052739            -2.580498273945236
             4.812912917436959            -2.593399684449399
             4.818818819821179            -2.606664021000593
             4.824724722205399            -2.544223053386127
             4.830630624589619            -2.532974176994087
             4.836536526973839            -2.522034988728497
             4.842442429358059            -2.781235819104621
             4.848348331742280            -2.801562762530198
             4.854254234126500            -2.822836398567317
             4.860160136510720            -2.845151887518447
             4.866066038894940            -2.411942589060400
             4.871971941279160            -3.115660186540872
             4.877877843663380            -3.160175401118390
             4.883783746047600            -3.209656618250743
             4.889689648431820            -3.265369323506181
             4.895595550816040            -3.329134255884491
             4.901501453200260            -2.318176785603768
             4.907407355584480            -3.722641432166860
             4.913313257968700            -3.580284231533684
             4.919219160352920            -3.473470408785336
             4.925125062737140            -3.387991190166616
             4.931030965121360            -3.316754421557164
             4.936936867505580            -2.383231316715032
             4.942842769889801            -2.391047510558035
             4.948748672274021            -2.917756060960286
             4.954654574658241            -2.892575137999674
             4.960560477042461            -2.868828220931037
             4.966466379426681            -2.846363493109513
             4.972372281810901            -2.498441217865232
             4.978278184195121            -2.508497035341130
             4.984184086579341            -2.518767202545617
             4.990089988963561            -2.654329004832004
             4.995995891347781            -2.640664160301007
             5.001901793732001            -2.627446188216595
             5.007807696116221            -2.653977006597880
             5.013713598500441            -2.668205634695914
             5.019619500884661            -2.682881985633610
             5.025525403268881            -2.502526573847509
             5.031431305653101            -2.492996808094557
             5.037337208037322            -2.872184839769643
             5.043243110421542            -2.895632976221187
             5.049149012805762            -2.920361575262377
             5.055054915189982            -2.946522137388258
             5.060960817574202            -2.391151042019662
             5.066866719958422            -2.383871980881667
             5.072772622342642            -3.394734691185078
             5.078678524726862            -3.476886135127571
             5.084584427111082            -3.578031148868138
             5.090490329495302            -3.709772069997736
             5.096396231879522            -3.899257422437791
             5.102302134263742            -2.331256774175130
             5.108208036647962            -3.277490954884219
             5.114113939032182            -3.224590408388269
             5.120020193083807            -3.177715955179565
             5.125926095468026            -3.135343041654402
             5.131831997852247            -3.096822304010535
             5.137737900236466            -2.429853181096624
             5.143643802620687            -2.437951694474629
             5.149549705004906            -2.818891445466093
             5.155455607389127            -2.800079322302487
             5.161361509773347            -2.782087846385016
             5.167267412157567            -2.764849971373151
             5.173173314541787            -2.556338755137297
             5.179079216926008            -2.567040072501073
             5.184985119310227            -2.614256557367218
             5.190891021694448            -2.602596192125419
             5.196796924078667            -2.591265639459865
             5.202702826462888            -2.718171167330098
             5.208608728847107            -2.733583238639846
             5.214514631231328            -2.749526371903966
             5.220420533615547            -2.766039829571332
             5.226326435999768            -2.468363086150990
             5.232232338383987            -2.460141957168890
             5.238138240768208            -3.004409389654193
             5.244044143152427            -3.034232679184993
             5.249950045536648            -3.066319003731995
             5.255855947920868            -3.100739801060276
             5.261761850305088            -3.138039555715553
             5.267667752689308            -2.360316776947985
             5.273573655073529            -4.130197615049301
             5.279479557457748            -5.026847566207632
             5.285385459841969            -4.258418654541133
             5.291291362226188            -3.922383505645669
             5.297197264610409            -3.735556308918146
             5.303103166994628            -2.371058889929833
             5.309009069378849            -3.079101057762975
             5.314914971763068            -3.047108089423648
             5.320820874147289            -3.017373798082404
             5.326726776531508            -2.989604118530052
             5.332632678915729            -2.963558908759270
             5.338538581299948            -2.477308605340862
             5.344444483684169            -2.485726313182723
             5.350350386068389            -2.745692572326616
             5.356256288452609            -2.730807517238088
             5.362162190836829            -2.716446387111603
             5.368068093221050            -2.605640060976690
             5.373973995605269            -2.616840638113152
             5.379879897989490            -2.628312622021554
             5.385785800373709            -2.570713889125725
             5.391691702757930            -2.560856747912058
             5.397597605142149            -2.551238875682792
             5.403503507526370            -2.803873112063891
             5.409409409910589            -2.821413730137414
             5.415315312294810            -2.839652684768371
             5.421221214679029            -2.858649636678516
             5.427127117063250            -2.439923828050913
             5.433033019447469            -2.432731752249315
             5.438938921831690            -3.173982163480024
             5.444844824215910            -3.215622923686489
             5.450750726600130            -3.261580191406584
             5.456656628984350            -3.312866337962918
             5.462562531368571            -2.346151933096861
             5.468468433752790            -3.788072101221533
             5.474374336137011            -3.650979645076009
             5.480280238521230            -3.547133877981520
             5.486186140905451            -3.463551154795589
             5.492092043289670            -3.393624646326597
             5.497997945673891            -3.333530252324526
             5.503903848058110            -2.410914254177199
             5.509809750442331            -2.955017380162754
             5.515715652826550            -2.932344156117510
             5.521621555210771            -2.910840482387917
             5.527527457594990            -2.890393671578009
             5.533433359979211            -2.516977283548256
             5.539339262363431            -2.525597546067047
             5.545245164747652            -2.701695830983557
             5.551151067131871            -2.689083264755236
             5.557056969516092            -2.676852030970021
             5.562962871900311            -2.664980451392385
             5.568868774284532            -2.668228727034917
             5.574774676668751            -2.680307185017831
             5.580680579052972            -2.692704849179770
             5.586586481437191            -2.535175245930661
             5.592492383821412            -2.526682996084912
             5.598398286205631            -2.880107833201443
             5.604304188589852            -2.899699801048396
             5.610210090974071            -2.920173791092489
             5.616115993358292            -2.941615140050325
             5.622021895742511            -2.964122193715415
             5.627927798126732            -2.416119494918802
             5.633833700510952            -3.359016919223869
             5.639739602895173            -3.419958988053404
             5.645645505279392            -3.490711194349157
             5.651551407663613            -3.575083558460459
             5.657457310047832            -3.679653553326260
             5.663363212432053            -2.328721528134872
             5.669269114816272            -3.360837006520199
             5.675175017200493            -3.307930884319932
             5.681080919584712            -3.260867679042572
             5.686986821968933            -3.218492856755114
             5.692892724353152            -3.179963497036606
             5.698798626737373            -2.443936108454418
             5.704704529121592            -2.450823222637569
             5.710610783173217            -2.867393143129933
             5.716516685557437            -2.849983333038924
             5.722422587941657            -2.833278249817702
             5.728328490325877            -2.817224300746159
             5.734234392710097            -2.565807489809742
             5.740140295094317            -2.574814372848671
             5.746046197478537            -2.654571059991232
             5.751952099862757            -2.643976865555565
             5.757858002246977            -2.633655786470044
             5.763763904631197            -2.721418057427657
             5.769669807015418            -2.734199710252373
             5.775575709399638            -2.747341790509324
             5.781481611783858            -2.760866046191166
             5.787387514168078            -2.505779790102156
             5.793293416552298            -2.498354983519195
             5.799199318936518            -2.986307645424820
             5.805105221320738            -3.009773985787202
             5.811011123704958            -3.034529434477303
             5.816917026089178            -3.060727047147024
             5.822822928473398            -3.088548856458956
             5.828728830857618            -2.396078520753791
             5.834634733241838            -3.765021493280451
             5.840540635626058            -3.927085565970178
             5.846446538010278            -4.187841853464665
             5.852352440394498            -4.935517228243338
             5.858258342778718            -4.381129145272770
             5.864164245162939            -2.381875857177892
             5.870070147547159            -3.166475869528250
             5.875976049931379            -3.134111647089200
             5.881881952315599            -3.104051181413876
             5.887787854699819            -3.075991873583044
             5.893693757084039            -3.049687077893058
             5.899599659468259            -2.483696435521328
             5.905505561852479            -2.490745984319720
             5.911411464236699            -2.801297044907069
             5.917317366620919            -2.787268280147224
             5.923223269005139            -2.773705182285554
             5.929129171389359            -2.760578642890759
             5.935035073773579            -2.615708075185737
             5.940940976157799            -2.625150597627039
             5.946846878542019            -2.616303487186063
             5.952752780926239            -2.607219172240884
             5.958658683310460            -2.598338449749202
             5.964564585694680            -2.790398038490563
             5.970470488078900            -2.804562652582929
             5.976376390463120            -2.819023374177661
             5.982282292847340            -2.833952145151410
             5.988188195231560            -2.481108090356541
             5.994094097615780            -2.474541912618295
             6.000000000000000            -3.112400518862747
