             0.682914079913273             0.682914079913273             0.682914079913273             0.689642295263932             0.689642295263932             0.367336399325888             0.366457543398345             0.365599952028038             0.368431340545583             0.367548147020207           -28.999624515208112           -28.787829212869944           -28.591992223250635           -28.329359949224852           -28.107266108246002             0.595447253736140
             0.682914079913273             0.689642295263932             0.689642295263932             0.696370519487447             0.696370519487447             0.363593719994494             0.366485943971064             0.365627960753933             0.368445489248442             0.367562099805423           -28.972249787784143           -28.760625308770962           -28.564902804433302           -28.302448203068227           -28.080491346670311             0.602175471305013
             0.689642295263932             0.696370519487447             0.696370519487447             0.696370519487447             0.703098734838106             0.363638003959865             0.366516416564830             0.365658012877750             0.364804224321265             0.367578273846041           -28.945077048990814           -28.733590241915199           -28.537987524852689           -28.275753422234601           -28.053894517086572             0.608903688873886
             0.696370519487447             0.703098734838106             0.703098734838106             0.703098734838106             0.709826950188765             0.363684098360770             0.366548904693932             0.365690052685875             0.364835819321148             0.367596603859687           -28.918091152712229           -28.706786693293793           -28.511267399120534           -28.249204360159119           -28.027494246132523             0.615631906442759
             0.703098734838106             0.703098734838106             0.709826950188765             0.709826950188765             0.716555165539424             0.363731954498108             0.362903216010136             0.365724021939896             0.364869316935929             0.367617031864227           -28.891258717948137           -28.680130326559691           -28.484761262520674           -28.222827176623532           -28.001279320244599             0.622360124011632
             0.709826950188765             0.709826950188765             0.716555165539424             0.716555165539424             0.723283389762938             0.363781520815682             0.362952096662328             0.365759869457131             0.364904666685875             0.367639488006738           -28.864626915163331           -28.653657445082114           -28.458418833775369           -28.196613898137205           -27.975280933760267             0.629088341580505
             0.716555165539424             0.716555165539424             0.723283389762938             0.723283389762938             0.723283389762938             0.363832752587654             0.363002619626234             0.365797531764544             0.364941805971445             0.364106694247396           -28.838168077877011           -28.627360663571821           -28.432288106952608           -28.170593815819927           -27.949411605617051             0.635816559149377
             0.723283389762938             0.723283389762938             0.723283389762938             0.730011605113597             0.730011605113597             0.363885593590747             0.363054729446354             0.362243856776781             0.364980689615307             0.364145044748974           -28.811912160627614           -28.601208996756679           -28.406312415758389           -28.144773604497697           -27.923703069547670             0.642544774500036
             0.730011605113597             0.730011605113597             0.730011605113597             0.736739820464256             0.736739820464256             0.363939999218836             0.363108382123709             0.362296776404431             0.365021264946508             0.364185063679145           -28.785818115242215           -28.575244556700270           -28.380496961161668           -28.119100460280450           -27.898152754703055             0.649272994287123
             0.730011605113597             0.736739820464256             0.736739820464256             0.743468035814915             0.743468035814915             0.360379096068012             0.363163538760000             0.362351179322534             0.365063493931625             0.364226713518014           -28.759854825766432           -28.549444041943282           -28.354848601371391           -28.093644008109038           -27.872780274002285             0.656001209637782
             0.736739820464256             0.743468035814915             0.743468035814915             0.743468035814915             0.750196260038430             0.360447857879215             0.363220157424043             0.362407024163122             0.361598155646892             0.364269935466693           -28.734070376286084           -28.523839842338852           -28.329342325024150           -28.068319886591617           -27.847595947600112             0.662729429424869
             0.743468035814915             0.750196260038430             0.750196260038430             0.750196260038430             0.756924475389089             0.360517887324326             0.363278192863154             0.362464266282263             0.361654610511430             0.364314695340963           -28.708477945660398           -28.498384834328093           -28.304008586035980           -28.043147093618582           -27.822553814551789             0.669457644775528
             0.750196260038430             0.750196260038430             0.756924475389089             0.756924475389089             0.763652690739748             0.360589135303111             0.359803669007944             0.362522867317203             0.361712405464988             0.364360946815466           -28.683015448711995           -28.473057190106086           -28.278827327169349           -28.018131502889844           -27.797712143788306             0.676185864562614
             0.756924475389089             0.756924475389089             0.763652690739748             0.763652690739748             0.763652690739748             0.360661577347229             0.359875118164164             0.362582794746461             0.361771508423922             0.360979663161416           -28.657747074800561           -28.447898708472025           -28.253831375133018           -27.993247727950767           -27.773007368815456             0.682914079913273
             0.763652690739748             0.763652690739748             0.770380906090407             0.770380906090407             0.770380906090407             0.360735178564191             0.359947710385041             0.362644010522039             0.361831881854230             0.361039216404338           -28.632651652120412           -28.422920874192201           -28.228981776562240           -27.968528151392142           -27.748434971742402             0.689642295263932
             0.770380906090407             0.770380906090407             0.770380906090407             0.777109121441066             0.777109121441066             0.360809902969749             0.360021410169397             0.359251792780731             0.361893487273099             0.361099984747706           -28.607699843108378           -28.398064255863055           -28.204259179088748           -27.943957338118498           -27.724013212879001             0.696370519487447
             0.770380906090407             0.777109121441066             0.777109121441066             0.783837336791725             0.783837336791725             0.357395494902420             0.360096196581026             0.359325566527924             0.361956309752385             0.361161953457165           -28.582854958551643           -28.373397362316684           -28.179686631650430           -27.919569658209319           -27.699720007761620             0.703098734838106
             0.777109121441066             0.783837336791725             0.783837336791725             0.790565569888095             0.790565569888095             0.357482273513793             0.360172045348975             0.359400388013440             0.362020295043644             0.361225069012559           -28.558170124291891           -28.348889321241842           -28.155286290281545           -27.895308751655275           -27.675578462852346             0.709826950188765
             0.783837336791725             0.790565569888095             0.790565569888095             0.790565569888095             0.797293785238754             0.357569955708628             0.360248910317469             0.359476211697103             0.358707472314286             0.361289310118190           -28.533617253120127           -28.324517037216268           -28.131005858802240           -27.871168181269908           -27.651577975969715             0.716555165539424
             0.790565569888095             0.790565569888095             0.797293785238754             0.797293785238754             0.804022000589413             0.357658494949923             0.356913014132713             0.359553015644786             0.358783229145700             0.361354643252240           -28.509230812456039           -28.300247394355718           -28.106897893817408           -27.847179614134049           -27.627752689638811             0.723283389762938
             0.797293785238754             0.797293785238754             0.804022000589413             0.804022000589413             0.810750215940071             0.357747886086665             0.357001190899019             0.359630782925858             0.358859935928867             0.361421048865325           -28.484966286519438           -28.276127259784115           -28.082945132096956           -27.823351942390278           -27.604049103757994             0.730011605113597
             0.804022000589413             0.804022000589413             0.810750215940071             0.810750215940071             0.810750215940071             0.357838102364851             0.357090181258765             0.359709484332667             0.358937563845426             0.358184052285794           -28.460860738322694           -28.252132872585044           -28.059121982825456           -27.799630031415674           -27.580463916968505             0.736739820464256
             0.810750215940071             0.810750215940071             0.810750215940071             0.817478431290731             0.817478431290731             0.357929122206249             0.357179963917919             0.356448651916139             0.359016089216391             0.358261519880656           -28.436913669363420           -28.228300498561740           -28.035401817012513           -27.776090018012678           -27.557017288483511             0.743468035814915
             0.810750215940071             0.817478431290731             0.817478431290731             0.824206646641389             0.824206646641389             0.354645013598964             0.357270513987179             0.356537986422668             0.359095484885614             0.358339845793643           -28.413060256609867           -28.204580228528265           -28.011818982392981           -27.752682922182544           -27.533722837831071             0.750196260038430
             0.817478431290731             0.824206646641389             0.824206646641389             0.830934861992048             0.830934861992048             0.354746243662201             0.357361820176055             0.356628066554158             0.359175737233984             0.358419016580850           -28.389369709846722           -28.181015237877883           -27.988352815240873           -27.729398108419844           -27.510532190828663             0.756924475389089
             0.824206646641389             0.830934861992048             0.830934861992048             0.830934861992048             0.837663077342707             0.354848097044631             0.357453858911736             0.356718869046073             0.355987560112285             0.358499015444095           -28.365820168575677           -28.157599655104772           -27.965039592079599           -27.706208362751802           -27.487510177631780             0.763652690739748
             0.830934861992048             0.830934861992048             0.837663077342707             0.837663077342707             0.844391310439077             0.354950557470911             0.354241704547105             0.356810384166985             0.356077838020964             0.358579804764040           -28.342382537311419           -28.134271335892421           -27.941838773458443           -27.683150178416692           -27.464616180540084             0.770380906090407
             0.837663077342707             0.837663077342707             0.844391310439077             0.844391310439077             0.851119525789736             0.355053617947262             0.354343376687399             0.356902576777208             0.356168783904649             0.358661373313110           -28.319081692966215           -28.111103995944092           -27.918781673491214           -27.660207458354868           -27.441840231917300             0.777109121441066
             0.844391310439077             0.844391310439077             0.851119525789736             0.851119525789736             0.851119525789736             0.355157245707397             0.354445608014690             0.356995438327189             0.356260389321796             0.355542788682360           -28.295882391240095           -28.088065499549376           -27.895867681497815           -27.637417995469509           -27.419158163929602             0.783837336791725
             0.851119525789736             0.851119525789736             0.851119525789736             0.857847741140395             0.857847741140395             0.355261426339114             0.354548384303881             0.353852249760569             0.356352629570819             0.355633796582684           -28.272823311152088           -28.065132470319590           -27.873042245522459           -27.614722831054500           -27.396597446006965             0.790565569888095
             0.851119525789736             0.857847741140395             0.857847741140395             0.864575956491054             0.864575956491054             0.352094194228565             0.354651708121800             0.353954197881739             0.356445505193838             0.355725431010420           -28.249856370798476           -28.042329581417889           -27.850361871555005           -27.592175297971604           -27.374146041028830             0.797293785238754
             0.857847741140395             0.864575956491054             0.864575956491054             0.871304171841713             0.871304171841713             0.352207105433431             0.354755557471408             0.354056664084139             0.356538992481876             0.355817668566413           -28.227023280174159           -28.019624017278659           -27.827809086948861           -27.569761268413032           -27.351842053553263             0.804022000589413
             0.864575956491054             0.871304171841713             0.871304171841713             0.871304171841713             0.878032387192372             0.352320436839186             0.354859919126391             0.354159635311086             0.353462782138658             0.355910494470637           -28.204323064238469           -27.997055805650653           -27.805357406919825           -27.547422954651509           -27.329629904735476             0.810750215940071
             0.871304171841713             0.871304171841713             0.878032387192372             0.878032387192372             0.884760602543031             0.352434177497717             0.351759082182632             0.354263098911425             0.353564858162017             0.356003894397311           -28.181770630906296           -27.974571625094878           -27.783031106013159           -27.525242209057556           -27.307556318188208             0.817478431290731
             0.878032387192372             0.878032387192372             0.884760602543031             0.884760602543031             0.891488817893690             0.352548316803371             0.351871696177000             0.354367042624117             0.353667407399681             0.356097862723867           -28.159335083299656           -27.952219081523666           -27.760794670495816           -27.503167766412801           -27.285609776173231             0.824206646641389
             0.884760602543031             0.884760602543031             0.891488817893690             0.891488817893690             0.891488817893690             0.352662844479960             0.351984692787664             0.354471462924599             0.353770426368308             0.353085957593483           -28.136985704003191           -27.929992041165352           -27.738687718508270           -27.481188398495746           -27.263738839960009             0.830934861992048
             0.884760602543031             0.891488817893690             0.891488817893690             0.898217050990060             0.898217050990060             0.349593973087952             0.352098070524997             0.351434427946144             0.353873887176171             0.353188046927425           -28.114749446217168           -27.907910049821421           -27.716667118340663           -27.459327276397513           -27.242013693470994             0.837663077342707
             0.891488817893690             0.898217050990060             0.898217050990060             0.904945266340719             0.904945266340719             0.349716108463147             0.352211795134483             0.351546650186341             0.353977779121422             0.353290561228458           -28.092589768415660           -27.885934119465134           -27.694767464929921           -27.437556533029312           -27.220391730228634             0.844391310439077
             0.898217050990060             0.904945266340719             0.904945266340719             0.911673481691378             0.911673481691378             0.349838517632688             0.352325881801273             0.351659229145159             0.354082107396787             0.353393505615023           -28.070549953504770           -27.864039704405410           -27.672988655182962           -27.415917475389161           -27.198861730643529             0.851119525789736
             0.904945266340719             0.904945266340719             0.911673481691378             0.911673481691378             0.918401697042037             0.349961193496869             0.349319007455378             0.351772148039912             0.351107186756547             0.353496861985587           -28.048640572201201           -27.842253357366666           -27.651345404073638           -27.394347056932183           -27.177445334555557             0.857847741140395
             0.911673481691378             0.911673481691378             0.918401697042037             0.918401697042037             0.925129912392696             0.350084128862159             0.349440313149329             0.351885398289676             0.351218929757497             0.353600620393165           -28.026845431634392           -27.820540952885612           -27.629808748859407           -27.372903513792522           -27.156113901476420             0.864575956491054
             0.918401697042037             0.918401697042037             0.925129912392696             0.925129912392696             0.931858127743355             0.350207316754610             0.349561867359510             0.351998971569694             0.351330990932966             0.353704771183032           -28.005179915022769           -27.798946335464535           -27.608350602676495           -27.351572534744800           -27.134909664501834             0.871304171841713
             0.925129912392696             0.925129912392696             0.925129912392696             0.931858127743355             0.931858127743355             0.350330750411860             0.349683663409701             0.349051785378686             0.351443362308360             0.350789620927425           -27.983610854614888           -27.777476646271456           -27.586997131393314           -27.330382579891491           -27.113772196388453             0.878032387192372
             0.925129912392696             0.931858127743355             0.931858127743355             0.938586343094014             0.938586343094014             0.347358777408278             0.349805694825057             0.349172217359548             0.351556036144159             0.350900812300252           -27.962105952715852           -27.756114522701100           -27.565711413120418           -27.309278335055208           -27.092754116883000             0.884760602543031
             0.931858127743355             0.938586343094014             0.938586343094014             0.945314558444673             0.945314558444673             0.347488789078018             0.349927955324882             0.349292874774511             0.351669004927558             0.351012294193909           -27.940703930539289           -27.734880557677158           -27.544536234845499           -27.288247591397806           -27.071843795655099             0.891488817893690
             0.938586343094014             0.945314558444673             0.945314558444673             0.945314558444673             0.952042773795332             0.347618947562824             0.350050431060591             0.349413743953510             0.348780044117402             0.351124051836849           -27.919404885893709           -27.713733167145328           -27.523482289824440           -27.267315341218570           -27.051067327889282             0.898217050990060
             0.945314558444673             0.945314558444673             0.952042773795332             0.952042773795332             0.958770989145991             0.347749263681908             0.347136286159470             0.349534834381125             0.348899535360676             0.351236093391201           -27.898221559700332           -27.692646629916208           -27.502532126456341           -27.246452765269261           -27.030375021884232             0.904945266340719
             0.952042773795332             0.952042773795332             0.958770989145991             0.958770989145991             0.965499204496650             0.347879725160150             0.347265030890928             0.349656132721328             0.349019231126613             0.351348404478278           -27.877135670934358           -27.671659848764040           -27.481701208802281           -27.225704267548487           -27.009753742292734             0.911673481691378
             0.958770989145991             0.958770989145991             0.965499204496650             0.965499204496650             0.965499204496650             0.348010327611108             0.347393913984265             0.349777633473915             0.349139125984872             0.348515581798660           -27.856164192753159           -27.650774841925674           -27.460958929278842           -27.205069317486121           -26.989227405185510             0.918401697042037
             0.958770989145991             0.965499204496650             0.965499204496650             0.972227419847309             0.972227419847309             0.345121247958419             0.347522931239950             0.346919265877701             0.349259230276131             0.348634117788075           -27.835271362475183           -27.630000256296441           -27.440275691662556           -27.184530714809817           -26.968765910359210             0.925129912392696
             0.965499204496650             0.972227419847309             0.972227419847309             0.978955670689390             0.978955670689390             0.345257639165477             0.347652094379748             0.347046748278042             0.349379507626168             0.348752823948551           -27.814469456201891           -27.609317218001159           -27.419686465225023           -27.164118654195956           -26.948414515079772             0.931858127743355
             0.972227419847309             0.978955670689390             0.978955670689390             0.985683886040049             0.985683886040049             0.345394112187306             0.347781367834202             0.347174338823633             0.349499968705973             0.348871710809334           -27.793754780408300           -27.588748183061487           -27.399192377715654           -27.143774116092544           -26.928171880760324             0.938586343094014
             0.978955670689390             0.978955670689390             0.985683886040049             0.985683886040049             0.992412101390708             0.345530632672903             0.344946734097191             0.347302049347949             0.346696133893090             0.348990773602081           -27.773142580824739           -27.568248661260526           -27.378805751982927           -27.123484230647421           -26.908021985787315             0.945314558444673
             0.985683886040049             0.985683886040049             0.992412101390708             0.992412101390708             0.999140316741367             0.345667213718033             0.345081531376295             0.347429876178696             0.346822284461639             0.349110007694488           -27.752612939167133           -27.547837130875418           -27.358507649456119           -27.103288124235057           -26.887992385925070             0.952042773795332
             0.992412101390708             0.992412101390708             0.999140316741367             0.999140316741367             1.005868532092026             0.345803852708277             0.345216385005379             0.347557815752157             0.346948545568581             0.349229408585722           -27.732184559548465           -27.527512854623865           -27.338314959927203           -27.083191875074935           -26.868029363313866             0.958770989145991
             0.992412101390708             0.999140316741367             0.999140316741367             1.005868532092026             1.005868532092026             0.342991698767783             0.345351292485201             0.344775775351813             0.347074913799126             0.346478225377409           -27.711858436781142           -27.507285923403046           -27.318195163954019           -27.063195799145564           -26.848119092594125             0.965499204496650
             0.999140316741367             1.005868532092026             1.005868532092026             1.012596747442685             1.012596747442685             0.343133448649159             0.345486251395145             0.344908991051748             0.347201385838583             0.346603057361962           -27.691605779548887           -27.487136326617328           -27.298159119680285           -27.043281425046896           -26.828297759086652             0.972227419847309
             1.005868532092026             1.012596747442685             1.012596747442685             1.019324962793344             1.019324962793344             0.343275179950730             0.345621244703274             0.345042239894745             0.347327943943995             0.346727973592377           -27.671442576805294           -27.467088330590578           -27.278204012905420           -27.023481379022730           -26.808572373719500             0.978955670689390
             1.012596747442685             1.012596747442685             1.019324962793344             1.019324962793344             1.026053178144003             0.343416920616975             0.342860520079482             0.345175548659300             0.344597412318339             0.346852999683149           -27.651348010643893           -27.447133237571876           -27.258344126185516           -27.003732593234638           -26.788943772531784             0.985683886040049
             1.019324962793344             1.019324962793344             1.026053178144003             1.026053178144003             1.032781393494662             0.343558654628522             0.343000416554235             0.345308900649461             0.344729028239748             0.346978118275223           -27.631343002606378           -27.427252473770221           -27.238559260976903           -26.984066142800252           -26.769393933000661             0.992412101390708
             1.026053178144003             1.026053178144003             1.032781393494662             1.032781393494662             1.039509608845321             0.343700380694700             0.343140304273282             0.345442293760501             0.344860683947508             0.347103326459214           -27.611454842080811           -27.407456733437396           -27.218867633788889           -26.964486800602394           -26.749952829409715             0.999140316741367
             1.032781393494662             1.032781393494662             1.032781393494662             1.039509608845321             1.039509608845321             0.343842097571736             0.343280182009902             0.342731314454076             0.344992377428659             0.344422593169310           -27.591645020813154           -27.387724920690310           -27.199271245747909           -26.944995383425137           -26.730562588488219             1.005868532092026
             1.032781393494662             1.039509608845321             1.039509608845321             1.046237824195980             1.046237824195980             0.341106117957182             0.343420048582065             0.342869387384415             0.345124106732568             0.344552626368874           -27.571890264816460           -27.368083963270475           -27.179743282778439           -26.925572626724936           -26.711250897625625             1.012596747442685
             1.039509608845321             1.046237824195980             1.046237824195980             1.052966039546639             1.052966039546639             0.341252309914359             0.343559902850854             0.343007447288186             0.345255869968852             0.344682692291270           -27.552213017944624           -27.348553340473483           -27.160298591536481           -26.906253669123636           -26.692022714310376             1.019324962793344
             1.046237824195980             1.052966039546639             1.052966039546639             1.052966039546639             1.059694254897298             0.341398442251974             0.343699743718962             0.343145493083121             0.342593686328927             0.344812789127976           -27.532644064988894           -27.329096605861896           -27.140916464226397           -26.887008309716624           -26.672879817990680             1.026053178144003
             1.052966039546639             1.052966039546639             1.059694254897298             1.059694254897298             1.066422470247957             0.341544514645039             0.341012303161841             0.343283523726621             0.342729932646192             0.344942915126108           -27.513142591726393           -27.309691197478564           -27.121616797995937           -26.867838594833120           -26.653803006882473             1.032781393494662
             1.059694254897298             1.059694254897298             1.066422470247957             1.066422470247957             1.073150685598615             0.341690526791222             0.341156434796377             0.343421538214376             0.342866162150681             0.345073068586585           -27.493718804970257           -27.290365777977925           -27.102426459569212           -26.848745074386830           -26.634824944414355             1.039509608845321
             1.066422470247957             1.066422470247957             1.073150685598615             1.073150685598615             1.073150685598615             0.341836478409954             0.341300505703652             0.343559535579047             0.343002373888572             0.342458117900685           -27.474394482304994           -27.271141954720704           -27.083308663619484           -26.829707977171886           -26.615919244288733             1.046237824195980
             1.066422470247957             1.073150685598615             1.073150685598615             1.079878900949275             1.079878900949275             0.339166972543984             0.341444515629410             0.340919106565065             0.343138581497810             0.342592583869867           -27.455126735323990           -27.251981335748130           -27.064241461414689           -26.810765586689278           -26.597085505623557             1.052966039546639
             1.073150685598615             1.079878900949275             1.079878900949275             1.086607151791356             1.086607151791356             0.339316897942785             0.341588479070565             0.341061235783905             0.343274754958802             0.342727015292394           -27.435926364110951           -27.232899727758362           -27.045246201437983           -26.791919844166568           -26.578325816370121             1.059694254897298
             1.079878900949275             1.086607151791356             1.086607151791356             1.093335367142015             1.093335367142015             0.339466735486553             0.341732366327617             0.341203288846614             0.343410907998696             0.342861425720969           -27.416816739327423           -27.213911051930644           -27.026351979157837           -26.773139410846952           -26.559620488775131             1.066422470247957
             1.086607151791356             1.086607151791356             1.093335367142015             1.093335367142015             1.100063582492673             0.339616456153885             0.339108984116000             0.341345280125870             0.340816665156651             0.342995814347251           -27.397781944857279           -27.194974954753071           -27.007520136339590           -26.754403712783056           -26.541005655925954             1.073150685598615
             1.093335367142015             1.093335367142015             1.100063582492673             1.100063582492673             1.106791797843333             0.339766075113930             0.339256689438675             0.341487209446593             0.340956771419549             0.343130180393211           -27.378829972246642           -27.176108408763547           -26.988760095601251           -26.735753879252389           -26.522484418277543             1.079878900949275
             1.100063582492673             1.100063582492673             1.106791797843333             1.106791797843333             1.113520013193992             0.339915578939712             0.339404280060408             0.341629062939238             0.341096801903881             0.343264509555508           -27.359943255734773           -27.157326180388264           -26.970093061759957           -26.717191879209611           -26.504026537599906             1.086607151791356
             1.100063582492673             1.106791797843333             1.106791797843333             1.113520013193992             1.113520013193992             0.337308386092939             0.339551783813186             0.339050401728424             0.341236783561104             0.340715027677508           -27.341131085266863           -27.138618820809782           -26.951478395151920           -26.698685176248425           -26.485612008747090             1.093335367142015
             1.106791797843333             1.113520013193992             1.113520013193992             1.120248228544650             1.120248228544650             0.337461439468421             0.339699187432327             0.339195940057488             0.341376702712841             0.340853168904191           -27.322374577152669           -27.119988057562754           -26.932926008320099           -26.680261355249712           -26.467279243806370             1.100063582492673
             1.113520013193992             1.120248228544650             1.120248228544650             1.126976443895309             1.126976443895309             0.337614356408039             0.339846491362970             0.339341378960672             0.341516559250561             0.340991247422522           -27.303704220498393           -27.101423211698641           -26.914458984860264           -26.661917137453266           -26.449031870395110             1.106791797843333
             1.120248228544650             1.120248228544650             1.126976443895309             1.126976443895309             1.133704659245968             0.337767137897703             0.337283232513331             0.339486718883190             0.338981891075818             0.341129263141191           -27.285113009851848           -27.082926695091853           -26.896060595164137           -26.643617946999946           -26.430838418590909             1.113520013193992
             1.126976443895309             1.126976443895309             1.133704659245968             1.133704659245968             1.140432874596627             0.337919784915041             0.337433940349314             0.339631960272839             0.339125279323880             0.341267215982269           -27.266593836933254           -27.064487086583267           -26.877740152861531           -26.625393415557983           -26.412723815534797             1.120248228544650
             1.133704659245968             1.133704659245968             1.140432874596627             1.140432874596627             1.147161089947286             0.338072298429444             0.337584515285268             0.339777103579756             0.339268569762317             0.341405105880693           -27.248138433526531           -27.046130228428211           -26.859479720699959           -26.607240470012844           -26.394686902627786             1.126976443895309
             1.140432874596627             1.140432874596627             1.140432874596627             1.147161089947286             1.147161089947286             0.338224679402109             0.337734958273982             0.337256484405482             0.339411762840401             0.338913115240751           -27.229738191777940           -27.027849241532682           -26.841289437328101           -26.589163497228981           -26.376693660858972             1.133704659245968
             1.147161089947286             1.147161089947286             1.147161089947286             1.153889305297945             1.153889305297945             0.338376928786095             0.337885270260176             0.337404906926330             0.339554859009265             0.339054405051551           -27.211384134449908           -27.009637216702579           -26.823150415955883           -26.571150382126383           -26.358771562883604             1.140432874596627
             1.147161089947286             1.153889305297945             1.153889305297945             1.160617520648604             1.160617520648604             0.335834840634800             0.338035452180541             0.337553199967093             0.339697858721697             0.339195598683193           -27.193066903871014           -26.991486463692091           -26.805091693193333           -26.553205532493596           -26.340919385389054             1.147161089947286
             1.153889305297945             1.160617520648604             1.160617520648604             1.160617520648604             1.167345735999263             0.335990180554994             0.338185504963805             0.337701364448426             0.337219235734382             0.339336696586861           -27.174858631179248           -26.973388664438602           -26.787106808085433           -26.535316175632460           -26.323140103539330             1.153889305297945
             1.160617520648604             1.167345735999263             1.167345735999263             1.167345735999263             1.174073951349922             0.336145360246340             0.338335429530774             0.337849401283137             0.337365396088617             0.339477699214983           -27.156796816380105           -26.955334973726476           -26.769189013863105           -26.517487333557945           -26.305423233232450             1.160617520648604
             1.160617520648604             1.167345735999263             1.174073951349922             1.174073951349922             1.180802166700581             0.333648925100384             0.335835052942919             0.337997311376237             0.337511430281281             0.339618607021059           -27.138782277289877           -26.937316555745578           -26.751331165474667           -26.499734819204363           -26.287771690298758             1.167345735999263
             1.167345735999263             1.174073951349922             1.180802166700581             1.180802166700581             1.180802166700581             0.333806943149393             0.335987959613267             0.338145095624996             0.337657339201761             0.337180761551834           -27.120806491970214           -26.919413019406971           -26.733525136025602           -26.482052376225923           -26.270174442185962             1.174073951349922
             1.174073951349922             1.174073951349922             1.187530382051240             1.187530382051240             1.187530382051240             0.333964775825388             0.333528818532635             0.338292754919004             0.337803123731822             0.337324717600028           -27.102878928684945           -26.901656596882617           -26.715762142343159           -26.464433539728319           -26.252634960822185             1.180802166700581
             1.180802166700581             1.180802166700581             1.187530382051240             1.194258597401899             1.194258597401899             0.334122424837878             0.333684493276903             0.335832902728838             0.337948798406301             0.337468564184771           -27.085009062734787           -26.883931379324377           -26.698033934024391           -26.446871557331455           -26.235169406511698             1.187530382051240
             1.187530382051240             1.187530382051240             1.194258597401899             1.200986848243980             1.200986848243980             0.334279891873134             0.333839987132105             0.335983454842579             0.338094323110018             0.337612261697750           -27.067202535784713           -26.866245185850296           -26.680408125855887           -26.429358274105180           -26.217771946260289             1.194258597401899
             1.194258597401899             1.194258597401899             1.194258597401899             1.207715028103217             1.207715028103217             0.334437179423844             0.333995302564844             0.333563496434798             0.338239740450873             0.337755852215307           -27.049464564102973           -26.848606106364635           -26.662933411408051           -26.411884228967534           -26.200436562226297             1.200986848243980
             1.200986848243980             1.200986848243980             1.200986848243980             1.207715028103217             1.214443278945298             0.334594286643460             0.334150438744310             0.333716709766737             0.335819865107609             0.337899320821374           -27.031800443309166           -26.831022666626815           -26.645488777287575           -26.394441680646306           -26.183157461366182             1.207715028103217
             1.200986848243980             1.207715028103217             1.207715028103217             1.214443278945298             1.221171458804535             0.332152953069346             0.334305400547819             0.333869749742900             0.335968036567674             0.338042671380348           -27.014196173411420           -26.813500333621299           -26.628081496161009           -26.377128563715146           -26.165925071518441             1.214443278945298
             1.207715028103217             1.214443278945298             1.214443278945298             1.214443278945298             1.227899709646616             0.332312599150511             0.334460186288255             0.334022614701956             0.333586784332359             0.338185901697518           -26.996639286185914           -26.796044872006547           -26.610719782222539           -26.359931484994718           -26.148730298059160             1.221171458804535
             1.214443278945298             1.221171458804535             1.221171458804535             1.221171458804535             1.227899709646616             0.332471992932590             0.334614800793288             0.334175309416484             0.333737570141060             0.335804842459329           -26.979147808332861           -26.778660902954922           -26.593410440553079           -26.342764953837648           -26.131565042871443             1.227899709646616
             1.221171458804535             1.221171458804535             1.227899709646616             1.227899709646616             1.234627889505853             0.332631241748635             0.332211936685856             0.334327832191370             0.333888185044953             0.335950786877206           -26.961710288892160           -26.761332596703586           -26.576159814210506           -26.325636739542446           -26.114524449098994             1.234627889505853
             1.227899709646616             1.227899709646616             1.234627889505853             1.234627889505853             1.234627889505853             0.332790242136185             0.332368956095754             0.334480187751661             0.334038633714649             0.333607124546110           -26.944343395821075           -26.744052943282913           -26.558972961632751           -26.308553744091427           -26.097596916442324             1.241356140347934
             1.234627889505853             1.234627889505853             1.241356140347934             1.241356140347934             1.241356140347934             0.332949075725542             0.332525809565026             0.334632375974533             0.334188916033473             0.333755547477262           -26.927035877815033           -26.726834290782598           -26.541855042843611           -26.291522852898250           -26.080698600717302             1.248084391190015
             1.234627889505853             1.241356140347934             1.241356140347934             1.248084391190015             1.248084391190015             0.330557091051395             0.332682497153189             0.332266916789147             0.334339031872712             0.333903804920019           -26.909789616234011           -26.709670683937066           -26.524794961632853           -26.274550143238333           -26.063837169089723             1.254812571049252
             1.241356140347934             1.248084391190015             1.248084391190015             1.254812571049252             1.254812571049252             0.330718169579483             0.332838943737793             0.332421434074391             0.334488985835264             0.334051901424706           -26.892583588123479           -26.692573032481178           -26.507777720550656           -26.257640525227973           -26.047019250025677             1.261540821891333
             1.248084391190015             1.254812571049252             1.254812571049252             1.261540821891333             1.261540821891333             0.330879034856403             0.332995254642747             0.332575816183654             0.334638776174143             0.334199835270339           -26.875442010055981           -26.675535735676476           -26.490823418764830           -26.240798988953436           -26.030251696105246             1.268269001750570
             1.254812571049252             1.254812571049252             1.261540821891333             1.261540821891333             1.268269001750570             0.331039692307215             0.330640148674857             0.332729962633194             0.332310247422972             0.334347610964343           -26.858365848229028           -26.658553949724137           -26.473918061896690           -26.224003130233221           -26.013540190874735             1.274997252592651
             1.261540821891333             1.261540821891333             1.268269001750570             1.268269001750570             1.274997252592651             0.331200140544062             0.330798610298547             0.332883977193224             0.332462346145092             0.334495226757078           -26.841336581951516           -26.641612768393870           -26.457080358572735           -26.207260238710305           -25.996890006324641             1.281725432451888
             1.268269001750570             1.268269001750570             1.274997252592651             1.274997252592651             1.281725432451888             0.331360384926274             0.330956869338083             0.333037759545653             0.332614214406494             0.334642687114458           -26.824375657032835           -26.624736213127157           -26.440296919384821           -26.190568574988713           -25.980305429797383             1.288453683293969
             1.268269001750570             1.274997252592651             1.274997252592651             1.281725432451888             1.281725432451888             0.329015171388629             0.331114924382200             0.330718610446488             0.332765954439266             0.332350148620477           -26.807468090752646           -26.607920187515990           -26.423572903149150           -26.173935155252696           -25.963767004410613             1.295181863153206
             1.274997252592651             1.281725432451888             1.281725432451888             1.288453683293969             1.288453683293969             0.329177396726564             0.331272780667066             0.330874531939019             0.332917467341355             0.332499796080360           -26.790601373718488           -26.591150230770754           -26.406885954259135           -26.157358084603082           -25.947277785624237             1.301910113995287
             1.281725432451888             1.288453683293969             1.288453683293969             1.295181863153206             1.295181863153206             0.329339452460178             0.331430436736754             0.331030254469893             0.333068855096866             0.332649318840058           -26.773786244119389           -26.574449225759885           -26.390258318783662           -26.140843833476548           -25.930840251666787             1.308638293854524
             1.288453683293969             1.288453683293969             1.295181863153206             1.295181863153206             1.301910113995287             0.329501239180628             0.329120680151313             0.331185783156809             0.330785213038632             0.332798619379871           -26.757043053875549           -26.557795895033223           -26.373694077982186           -26.124373790855060           -25.914457082699961             1.315366544696605
             1.295181863153206             1.295181863153206             1.301910113995287             1.301910113995287             1.308638293854524             0.329662860409104             0.329280312426741             0.331341116524947             0.330938625784240             0.332947798191492           -26.740357791347087           -26.541183379643918           -26.357172821804028           -26.107944660348220           -25.898130674048645             1.322094724555842
             1.301910113995287             1.301910113995287             1.308638293854524             1.308638293854524             1.315366544696605             0.329824216865258             0.329439681906027             0.331496259634108             0.331091849451514             0.333096757913943           -26.723718436204621           -26.524621455543343           -26.340714809825315           -26.091581917121051           -25.881862928286647             1.328822975397923
             1.301910113995287             1.308638293854524             1.308638293854524             1.315366544696605             1.315366544696605             0.327523436645561             0.329598890600685             0.329221096738916             0.331244882549104             0.330847743394205           -26.707132069537728           -26.508131746583615           -26.324309439651955           -26.075268895179949           -25.865640500365096             1.335551155257160
             1.308638293854524             1.315366544696605             1.315366544696605             1.322094724555842             1.322094724555842             0.327686613902784             0.329757840585911             0.329378110207787             0.331397730024258             0.330998720140648           -26.690571767070804           -26.491694486208868           -26.307941849109334           -26.059001489610839           -25.849456903249187             1.342279406099240
             1.315366544696605             1.322094724555842             1.322094724555842             1.328822975397923             1.328822975397923             0.327849562791961             0.329916633635592             0.329534967425130             0.331550390347082             0.331149510902726           -26.674086150619591           -26.475302877159667           -26.291621855094405           -26.042804336449404           -25.833336502964475             1.349007585958478
             1.322094724555842             1.322094724555842             1.328822975397923             1.328822975397923             1.335551155257160             0.328012288917756             0.327649992631691             0.329691571790818             0.329309416715630             0.331300120519296           -26.657661345784270           -26.458961287324104           -26.275368583384672           -26.026643469352216           -25.817265800119177             1.355735836800559
             1.328822975397923             1.328822975397923             1.335551155257160             1.335551155257160             1.342279406099240             0.328174766965625             0.327810483137348             0.329847999865331             0.329463922052757             0.331450523974288           -26.641286941051622           -26.442646818958213           -26.259171938886993           -26.010522669438927           -25.801239119675014             1.362464087642639
             1.335551155257160             1.335551155257160             1.342279406099240             1.342279406099240             1.349007585958478             0.328337074522481             0.327970803929889             0.330004226418036             0.329618227146895             0.331600796475467           -26.624969814379757           -26.426407048219271           -26.243018280656955           -25.994451988746949           -25.785279392185419             1.369192267501877
             1.342279406099240             1.342279406099240             1.342279406099240             1.349007585958478             1.349007585958478             0.328499114212498             0.328130858831900             0.327770891944956             0.329772337071823             0.329393162872554           -26.608684497658768           -26.410223164181080           -26.226915405045425           -25.978453885769028           -25.769356895018635             1.375920518343958
             1.342279406099240             1.349007585958478             1.349007585958478             1.355735836800559             1.355735836800559             0.326242440804006             0.328290748025678             0.327928844652832             0.329926275386566             0.329545228065725           -26.592424511321774           -26.394089115783039           -26.210835076745251           -25.962497542065172           -25.753472787788425             1.382648698203194
             1.349007585958478             1.355735836800559             1.355735836800559             1.362464087642639             1.362464087642639             0.326406097556728             0.328450400772591             0.328086562525843             0.330079972056390             0.329697053406841           -26.576236589066454           -26.378009122011992           -26.194824036766263           -25.946585747482487           -25.737636640835852             1.389376949045275
             1.355735836800559             1.362464087642639             1.362464087642639             1.362464087642639             1.369192267501877             0.326569549300327             0.328609841050591             0.328244069257721             0.327879649038017             0.329848736228871           -26.560112561826077           -26.361961779562616           -26.178872815194968           -25.930718941057446           -25.721870014608662             1.396105128904512
             1.362464087642639             1.362464087642639             1.369192267501877             1.369192267501877             1.375920518343958             0.326732725660469             0.326386035957110             0.328401370102782             0.328035027635208             0.330000182720021           -26.544041650635009           -26.345937226562139           -26.162968554000201           -25.914881898427431           -25.706145951229310             1.402833379746594
             1.362464087642639             1.369192267501877             1.375920518343958             1.375920518343958             1.382648698203194             0.324512866566797             0.326547053325512             0.328558463646883             0.328190200243421             0.330151490000331           -26.528030896858724           -26.329986772928063           -26.147119168624268           -25.899119775685584           -25.690464674460895             1.409561559605830
             1.369192267501877             1.375920518343958             1.382648698203194             1.382648698203194             1.382648698203194             0.324677511907526             0.326707801583729             0.328715355084144             0.328345171999090             0.327983308608558           -26.512040553136654           -26.314095145068318           -26.131297266837496           -25.883402746007821           -25.674827651949006             1.416289810447911
             1.375920518343958             1.382648698203194             1.382648698203194             1.389376949045275             1.389376949045275             0.324841920087100             0.326868379255718             0.326523658607628             0.328499941469763             0.328136205608947           -26.496087113934401           -26.298256224815070           -26.115502626102185           -25.867734718877223           -25.659218599969812             1.423017990307148
             1.382648698203194             1.382648698203194             1.389376949045275             1.396105128904512             1.396105128904512             0.325006096784474             0.324680336546048             0.326682039669838             0.328654513734225             0.328288906619411           -26.480163720155478           -26.282473862872529           -26.099772313084014           -25.852115341355034           -25.643680570583680             1.429746241149229
             1.389376949045275             1.389376949045275             1.396105128904512             1.396105128904512             1.402833379746594             0.325170040715413             0.324842299662290             0.326840254826367             0.326492935138402             0.328441410190989           -26.464314272240372           -26.266711930456335           -26.084104262905960           -25.836528350064700           -25.628188844823114             1.436474421008466
             1.396105128904512             1.396105128904512             1.402833379746594             1.402833379746594             1.409561559605830             0.325333757489625             0.325004037013584             0.326998210939548             0.326648972007100             0.328593721291325           -26.448529954644229           -26.250986789704626           -26.068486199076698           -25.820963144646473           -25.612744102493380             1.443202671850547
             1.396105128904512             1.402833379746594             1.409561559605830             1.409561559605830             1.416289810447911             0.323152527287530             0.325165547290006             0.327156004947655             0.326804847498821             0.328745838433595           -26.432797324897336           -26.235289623399964           -26.052926227404217           -25.805474357134404           -25.597347513106314             1.449930851709784
             1.402833379746594             1.409561559605830             1.409561559605830             1.416289810447911             1.416289810447911             0.323317507148593             0.325326835974075             0.325000624712960             0.326960469709502             0.326615306761012           -26.417086902205238           -26.219667671130932           -26.037385727746383           -25.790033745637956           -25.581982480154618             1.456659102551865
             1.409561559605830             1.416289810447911             1.416289810447911             1.423017990307148             1.423017990307148             0.323482275187952             0.325487878867094             0.325159739482934             0.327115911627725             0.326768878645427           -26.401439147422316           -26.204106585726883           -26.021876570446814           -25.774644681352225           -25.566637460011155             1.463387353393946
             1.416289810447911             1.416289810447911             1.423017990307148             1.423017990307148             1.429746241149229             0.323646807262561             0.323337417951421             0.325318683174929             0.324989787435467             0.326922247444472           -26.385817371150054           -26.188594873469615           -26.006399075465538           -25.759306106431882           -25.551365157302186             1.470115533253183
             1.423017990307148             1.423017990307148             1.429746241149229             1.429746241149229             1.436474421008466             0.323811109002095             0.323499745862502             0.325477364167744             0.325146552461945             0.327075418187205           -26.370235959397768           -26.173106721849756           -25.990987849962259           -25.743987633084533           -25.536141624610917             1.476843784095264
             1.429746241149229             1.429746241149229             1.436474421008466             1.436474421008466             1.443202671850547             0.323975179069189             0.323661843515604             0.325635877939687             0.325303151023233             0.327228389411450           -26.354689274731633           -26.157677815207201           -25.975640517178384           -25.728705722462280           -25.520967797337221             1.483571963954501
             1.436474421008466             1.436474421008466             1.436474421008466             1.443202671850547             1.443202671850547             0.324139023027080             0.323823716414023             0.323515439065107             0.325459492695380             0.325132325668945           -26.339216252335248           -26.142273950401083           -25.960344270119922           -25.713450265535595           -25.505844354389762             1.490300214796582
             1.436474421008466             1.443202671850547             1.443202671850547             1.449930851709784             1.449930851709784             0.321996089006452             0.323985363197891             0.323675162656048             0.325615671624833             0.325286637303614           -26.323766318141423           -26.126910750762750           -25.945067127492266           -25.698272240508171           -25.490740145502933             1.497028394655819
             1.443202671850547             1.449930851709784             1.449930851709784             1.456659102551865             1.456659102551865             0.322161047138733             0.324146789306797             0.323834666887426             0.325771621319238             0.325440721234345           -26.308376824272745           -26.111579382800258           -25.929849827082510           -25.683144655360085           -25.475671511733182             1.503756645497900
             1.449930851709784             1.456659102551865             1.456659102551865             1.456659102551865             1.463387353393946             0.322325817802874             0.324308017480786             0.323993974234791             0.323681023941151             0.325594599624527           -26.293040721963386           -26.096323770947681           -25.914657012246426           -25.668062083776618           -25.460627990162976             1.510484825357137
             1.456659102551865             1.456659102551865             1.463387353393946             1.463387353393946             1.470115533253183             0.322490334057529             0.322194799054542             0.324153018450552             0.323838158434340             0.325748277515933           -26.277731942503202           -26.081087043874547           -25.899499170078897           -25.653005352671812           -25.445657740458785             1.517213076199218
             1.463387353393946             1.463387353393946             1.470115533253183             1.470115533253183             1.476843784095264             0.322654618707322             0.322357119769271             0.324311893503041             0.323995124517137             0.325901753437986           -26.262487624928713           -26.065910523669281           -25.884376622274161           -25.638001338438119           -25.430738422784579             1.523941256058455
             1.470115533253183             1.470115533253183             1.476843784095264             1.476843784095264             1.476843784095264             0.322818677287265             0.322519215739605             0.324470509329850             0.324151833215546             0.323840253019225           -26.247273045246899           -26.050785026375085           -25.869321219656001           -25.623022089784499           -25.415864123717764             1.530669506900536
             1.470115533253183             1.476843784095264             1.476843784095264             1.483571963954501             1.483571963954501             0.320710952488248             0.322681085569754             0.322386365137429             0.324308377203001             0.323994935560727           -26.232075586257718           -26.035687653221185           -25.854293011009275           -25.608082876495452           -25.401013288597486             1.537397686759773
             1.476843784095264             1.483571963954501             1.483571963954501             1.490300214796582             1.490300214796582             0.320875999122843             0.322842734673721             0.322546100333367             0.324464667580884             0.324149366284584           -26.216919815242903           -26.020650919215360           -25.839319083351292           -25.593174046473884           -25.386214509755749             1.544125937601854
             1.483571963954501             1.490300214796582             1.490300214796582             1.490300214796582             1.497028394655819             0.321040858634584             0.323004161613735             0.322705614677526             0.322408087021396             0.324303636600075           -26.201802239024055           -26.005643515504293           -25.824398277783825           -25.578336221434711           -25.371440291467604             1.550854117461091
             1.490300214796582             1.490300214796582             1.497028394655819             1.497028394655819             1.503756645497900             0.321205441347820             0.320925218809445             0.322864913467123             0.322565483459995             0.324457658747187           -26.186757902481901           -25.990652642156991           -25.809500564179498           -25.563520561185328           -25.356704983503661             1.557582368303172
             1.497028394655819             1.497028394655819             1.503756645497900             1.503756645497900             1.510484825357137             0.321369841014776             0.321087664008369             0.323023995247979             0.322722664190539             0.324611523969655           -26.171740445621896           -25.975703591637924           -25.794664314683441           -25.548757805170510           -25.341998744632310             1.564310548162409
             1.497028394655819             1.503756645497900             1.510484825357137             1.510484825357137             1.510484825357137             0.319294710919845             0.321249838396031             0.323182865259804             0.322879634396445             0.322583136141782           -26.156769379238252           -25.960789755831755           -25.779856128114400           -25.534041690695794           -25.327362773674782             1.571038799004490
             1.503756645497900             1.510484825357137             1.510484825357137             1.517213076199218             1.517213076199218             0.319459968522876             0.321411812706588             0.321132074289928             0.323036371105488             0.322738019132559           -26.141828122405567           -25.945951324721893           -25.765067234289273           -25.519355115721137           -25.312745254507721             1.577767049846571
             1.510484825357137             1.517213076199218             1.517213076199218             1.523941256058455             1.523941256058455             0.319625038109787             0.321573563705738             0.321291920592960             0.323192943956767             0.322892738967235           -26.126942467516532           -25.931135795296306           -25.750312179211711           -25.504722849377497           -25.298180665763084             1.584495229705808
             1.517213076199218             1.517213076199218             1.523941256058455             1.523941256058455             1.530669506900536             0.319789831328959             0.319526380536802             0.321451550169963             0.321168953289528             0.323047209192958           -26.112086807639287           -25.916365603435860           -25.735595039226180           -25.490119158346332           -25.283662771850160             1.591223480547889
             1.523941256058455             1.523941256058455             1.530669506900536             1.530669506900536             1.537397686759773             0.319954440562982             0.319689044858178             0.321610961547473             0.321326471199948             0.323201519750210           -26.097296504361452           -25.901625860554347           -25.720945865960267           -25.475530754182060           -25.269172021405826             1.597951660407126
             1.530669506900536             1.530669506900536             1.537397686759773             1.537397686759773             1.544125937601854             0.320118777510113             0.319851438707693             0.321770159960365             0.321483777373841             0.323355584253261           -26.082539190567459           -25.886938938724882           -25.706326616925725           -25.460984126933930           -25.254734540138909             1.604679911249207
             1.530669506900536             1.537397686759773             1.537397686759773             1.544125937601854             1.550854117461091             0.318076160252625             0.320013653234221             0.319750323144129             0.321640870324609             0.323509492489689           -26.067800789998458           -25.872282848173096           -25.691752895642608           -25.446471358914668           -25.240325945020388             1.611408091108444
             1.537397686759773             1.544125937601854             1.544125937601854             1.550854117461091             1.550854117461091             0.318241318883858             0.320175601237256             0.319910375703682             0.321797755177029             0.321514018405378           -26.053078134830997           -25.857688327261506           -25.677203897909102           -25.432029528676821           -25.225932945279247             1.618136341950525
             1.544125937601854             1.550854117461091             1.550854117461091             1.557582368303172             1.557582368303172             0.318406245050642             0.320337373718687             0.320070253453162             0.321954430408780             0.321668849218267           -26.038399897128482           -25.843126151712131           -25.662709437612911           -25.417613326245515           -25.211579934075992             1.624864521809762
             1.550854117461091             1.550854117461091             1.557582368303172             1.557582368303172             1.564310548162409             0.318570944229551             0.318321851132754             0.320229870270376             0.319961740928419             0.321823476648523           -26.023761392402726           -25.828582603075120           -25.648240930576616           -25.403234182649150           -25.197259025459505             1.631592772651842
             1.557582368303172             1.557582368303172             1.564310548162409             1.564310548162409             1.571038799004490             0.318735414917562             0.318484388983546             0.320389315954896             0.320119302771595             0.321977921676078           -26.009195251387627           -25.814054463421808           -25.633834645997673           -25.388886376141649           -25.183008689211825             1.638320952511080
             1.564310548162409             1.564310548162409             1.571038799004490             1.571038799004490             1.577767049846571             0.318899662533132             0.318646704973898             0.320548527232487             0.320276631667022             0.322132121731414           -25.994658647619310           -25.799569911302893           -25.619459230311040           -25.374586717789210           -25.168780118004772             1.645049203353161
             1.564310548162409             1.571038799004490             1.571038799004490             1.577767049846571             1.577767049846571             0.316888254027608             0.318808820393029             0.318559549358158             0.320433748639976             0.320166016547076           -25.980143265412735           -25.785122953282691           -25.605106485736410           -25.360319067877651           -25.154591449891843             1.651777383212397
             1.571038799004490             1.577767049846571             1.577767049846571             1.584495229705808             1.584495229705808             0.317053204079004             0.318970672130896             0.318719516816230             0.320590658776156             0.320321090393163           -25.965667688112010           -25.770750351766878           -25.590767401859207           -25.346106365955890           -25.140430910068979             1.658505634054479
             1.577767049846571             1.584495229705808             1.584495229705808             1.591223480547889             1.591223480547889             0.317217924673397             0.319132349831515             0.318879310913360             0.320747360514038             0.320475957024918           -25.951225525164080           -25.756403632690624           -25.576464392693339           -25.331925237899608           -25.126318488572743             1.665233813913715
             1.584495229705808             1.584495229705808             1.591223480547889             1.591223480547889             1.597951660407126             0.317382421222849             0.317147253393661             0.319038846761228             0.318784747637938             0.320630621424232           -25.936838765320822           -25.742077582805273           -25.562201205282253           -25.317761554056567           -25.112235154398292             1.671962064755796
             1.591223480547889             1.591223480547889             1.597951660407126             1.597951660407126             1.604679911249207             0.317546671123065             0.317309583281625             0.319198192022555             0.318942220083510             0.320785061451122           -25.922484749503518           -25.727790504390352           -25.548005529372467           -25.303612580153651           -25.098206144586673             1.678690315597878
             1.591223480547889             1.597951660407126             1.604679911249207             1.604679911249207             1.611408091108444             0.315564431504299             0.317471735684062             0.319357324287033             0.319099480718347             0.320939343749633           -25.908171055220780           -25.713536719664102           -25.533842608800132           -25.289507227914470           -25.084208549454406             1.685418495457114
             1.597951660407126             1.604679911249207             1.604679911249207             1.611408091108444             1.611408091108444             0.315729323460083             0.317633625849391             0.317397995786808             0.319256534607756             0.319002539020693           -25.893894212251244           -25.699336356559542           -25.519701880749359           -25.275437635787885           -25.070229865160034             1.692146746299195
             1.604679911249207             1.611408091108444             1.611408091108444             1.618136341950525             1.618136341950525             0.315893987463030             0.317795342171711             0.317557839249972             0.319413380164373             0.319157558506518           -25.879653075807578           -25.685169078740145           -25.505598260271984           -25.261438548899132           -25.056265421549476             1.698874926158432
             1.611408091108444             1.611408091108444             1.618136341950525             1.624864521809762             1.624864521809762             0.316058428884346             0.315838686052410             0.317717425797108             0.319570022403880             0.319312375780537           -25.865433445246371           -25.671039764384474           -25.491522381946830           -25.247467670326706           -25.042341993705076             1.705603177000513
             1.618136341950525             1.618136341950525             1.624864521809762             1.624864521809762             1.631592772651842             0.316222646128718             0.316000995135301             0.317876842680966             0.317636360803579             0.319466989248693           -25.851233758279108           -25.656946224706118           -25.477501504046550           -25.233511101752633           -25.028453142298503             1.712331356859750
             1.624864521809762             1.624864521809762             1.631592772651842             1.631592772651842             1.638320952511080             0.316386644513571             0.316163086477757             0.318036006216920             0.317793663308590             0.319621403826484           -25.837079130382872           -25.642886972199648           -25.463508863490944           -25.219591457682679           -25.014633659477848             1.719059607701831
             1.631592772651842             1.631592772651842             1.631592772651842             1.638320952511080             1.645049203353161             0.316550422409282             0.316324958476050             0.316104434160880             0.317950800216424             0.319775617889707           -25.822965444552406           -25.628849354464766           -25.449560229058022           -25.205705723732258           -25.000839431198923             1.725787787561068
             1.631592772651842             1.638320952511080             1.638320952511080             1.645049203353161             1.645049203353161             0.314597890096437             0.316486616340973             0.316264230873671             0.318107688867744             0.317867030045803           -25.808869925346286           -25.614830414402299           -25.435641459191942           -25.191868882266697           -24.987062687895275             1.732516038403149
             1.638320952511080             1.645049203353161             1.645049203353161             1.651777383212397             1.651777383212397             0.314762225352232             0.316648058435979             0.316423812936805             0.318264415260076             0.318021941040725           -25.794838386874240           -25.600856340545597           -25.421755956198165           -25.178065828011885           -24.973321760283575             1.739244218262386
             1.645049203353161             1.651777383212397             1.651777383212397             1.651777383212397             1.658505634054479             0.314926297344344             0.316809289921481             0.316583185457794             0.316357780466309             0.318176608727862           -25.780838583699346           -25.586920785862905           -25.407895280700856           -25.164296382160309           -24.959611712349030             1.745972469104467
             1.651777383212397             1.651777383212397             1.658505634054479             1.658505634054479             1.665233813913715             0.315090193180383             0.314881671920760             0.316742346794152             0.316515091608670             0.318331117997335           -25.766862655320146           -25.573004785081618           -25.394052031547300           -25.150560164904924           -24.945950389098002             1.752700648963704
             1.658505634054479             1.658505634054479             1.665233813913715             1.665233813913715             1.671962064755796             0.315253829389905             0.315043415130825             0.316901302004791             0.316672197689930             0.318485408840226           -25.752928698837412           -25.559153738183749           -25.380245990695041           -25.136857134289066           -24.932319806878208             1.759428899805785
             1.658505634054479             1.665233813913715             1.671962064755796             1.671962064755796             1.671962064755796             0.313328469573788             0.315204986286372             0.317060071293298             0.316829118684683             0.316603222254097           -25.739020444463762           -25.545330708215371           -25.366481063016565           -25.123174655407304           -24.918725957490963             1.766157079665022
             1.665233813913715             1.671962064755796             1.671962064755796             1.678690315597878             1.678690315597878             0.313492593218090             0.315366324807182             0.315156809009555             0.316985794687653             0.316758093840876           -25.725132099932942           -25.531530950555727           -25.352740457266648           -25.109510226576504           -24.905160859931588             1.772885330507103
             1.671962064755796             1.678690315597878             1.678690315597878             1.685418495457114             1.685418495457114             0.313656518608119             0.315527450914370             0.315316088190140             0.317142310488878             0.316912805795023           -25.711298916371447           -25.517771953086189           -25.339053498871230           -25.095890308746263           -24.891629208681895             1.779613510366340
             1.678690315597878             1.678690315597878             1.685418495457114             1.692146746299195             1.692146746299195             0.313820185268520             0.313626307344853             0.315475161068860             0.317298584577083             0.317067277550642           -25.697499971124074           -25.504038475916428           -25.325400651202855           -25.082307347216098           -24.878119216259062             1.786341761208421
