             0.089099143712174            -0.974125978158030
             0.099099143488657            -0.971517735405200
             0.109099143265139            -0.969171461653122
             0.119099143041622            -0.967038810113301
             0.129099142818104            -0.965065416838573
             0.139099140731942            -0.963257791548948
             0.149099142371069            -0.961549622988816
             0.159099144010197            -0.959969055986121
             0.169099141924035            -0.958479177565527
             0.179099139837872            -0.957069324958982
             0.189099137751710            -0.955747617497105
             0.199099143116128            -0.954498896578535
             0.209099141029965            -0.953295629484997
             0.219099138943802            -0.952157112968832
             0.229099144308220            -0.951076962214210
             0.239099134771477            -0.950035478756865
             0.249099140135895            -0.949033303055149
             0.259099145500313            -0.948076528404916
             0.269099135963570            -0.947150662122789
             0.279099141327988            -0.946253837371487
             0.289099131791245            -0.945393439744264
             0.299099137155663            -0.944566725016483
             0.309099142520081            -0.943771246455089
             0.319099132983338            -0.942988685086073
             0.329099138347756            -0.942233508683904
             0.339099143712174            -0.941504381999582
             0.349099134175431            -0.940799631325306
             0.359099124638688            -0.940117734810168
             0.369099144904267            -0.939444835203474
             0.379099135367524            -0.938791584577296
             0.389099125830781            -0.938157929995985
             0.399099146096360            -0.937542769574971
             0.409099136559617            -0.936939385551456
             0.419099127022873            -0.936346784972742
             0.429099147288453            -0.935770314544929
             0.439099137751710            -0.935209154169957
             0.449099128214966            -0.934662539058961
             0.459099148480546            -0.934125779736532
             0.469099138943802            -0.933596284972763
             0.479099129407059            -0.933079694934731
             0.489099119870316            -0.932575418396680
             0.499099140135895            -0.932082901742945
             0.509099130599152            -0.931601631469515
             0.519099121062409            -0.931131122391203
             0.529099141327988            -0.930663290841880
             0.539099131791245            -0.930204816357060
             0.549099122254502            -0.929756066641948
             0.559099142520081            -0.929316651431213
             0.569099132983338            -0.928886206872246
             0.579099123446595            -0.928462829198469
             0.589099143712174            -0.928042008642044
             0.599099134175431            -0.927629378482496
             0.609099124638688            -0.927224636580107
             0.619099115101944            -0.926827498069035
             0.629099105565201            -0.926437692985895
             0.639099155633103            -0.926054312388692
             0.649099146096360            -0.925671987909369
             0.659099136559617            -0.925296427351517
             0.669099127022873            -0.924927404468642
             0.679099117486130            -0.924564703988590
             0.689099107949387            -0.924208120922012
             0.699099158017289            -0.923857457851271
             0.709099148480546            -0.923512532665599
             0.719099138943802            -0.923172973693968
             0.729099129407059            -0.922833509503911
             0.739099119870316            -0.922499393368325
             0.749099110333573            -0.922170465685886
             0.759099100796830            -0.921846573774271
             0.769099150864731            -0.921527569592736
             0.779099141327988            -0.921213316955128
             0.789099131791245            -0.920903679784133
             0.799099122254502            -0.920598529429234
             0.809099112717759            -0.920296338758788
             0.819099103181016            -0.919995124014161
             0.829099153248917            -0.919698131163499
             0.839099143712174            -0.919405251362467
             0.849099134175431            -0.919116374795102
             0.859099124638688            -0.918831397559502
             0.869099115101944            -0.918550219679212
             0.879099105565201            -0.918272744909883
             0.889099096028458            -0.917998880557612
             0.899099146096360            -0.917728535707074
             0.909099136559617            -0.917458156859499
             0.919099127022873            -0.917190615787697
             0.929099117486130            -0.916926416931619
             0.939099107949387            -0.916665480934293
             0.949099098412644            -0.916407731184196
             0.959099148480546            -0.916153092182689
             0.969099138943802            -0.915898203073436
             0.979099129407059            -0.915645879299009
             0.989099119870316            -0.915396521909954
             0.999099110333573            -0.915150064609205
             1.009099100796830            -0.914906443259592
             1.019099150864731            -0.914665594364547
             1.029099141327988            -0.914427460706705
             1.039099131791245            -0.914191982652486
             1.049099122254502            -0.913959103832124
             1.059099112717759            -0.913728769621527
             1.069099103181016            -0.913499349241912
             1.079099093644272            -0.913270703856911
             1.089099143712174            -0.913044496610923
             1.099099134175431            -0.912820680668330
             1.109099124638688            -0.912599206609137
             1.119099115101944            -0.912380027779523
             1.129099105565201            -0.912163098882209
             1.139099096028458            -0.911948375924905
             1.149099086491715            -0.911735816171154
             1.159099076954972            -0.911525378093462
             1.169099067418229            -0.911317021328578
             1.179099177090775            -0.911110157874957
             1.189099167554032            -0.910903004887915
             1.199099158017289            -0.910697857634057
             1.209099148480546            -0.910494679118487
             1.219099138943802            -0.910293433342866
             1.229099129407059            -0.910094085270306
             1.239099119870316            -0.909896600791774
             1.249099110333573            -0.909700946693948
             1.259099100796830            -0.909507090628438
             1.269099091260087            -0.909315001082317
             1.279099081723343            -0.909124647349883
             1.289099072186600            -0.908935999505594
             1.299099062649857            -0.908748764625152
             1.309099172322403            -0.908560946758012
             1.319099162785660            -0.908374782699414
             1.329099153248917            -0.908190242508801
             1.339099143712174            -0.908007299173185
             1.349099134175431            -0.907825926336478
             1.359099124638688            -0.907646098278580
             1.369099115101944            -0.907467789895287
             1.379099105565201            -0.907290976678975
             1.389099096028458            -0.907115634700042
             1.399099086491715            -0.906941740589048
             1.409099076954972            -0.906769271519545
             1.419099067418229            -0.906598205191552
             1.429099057881486            -0.906428089326289
             1.439099167554032            -0.906257571545708
             1.449099158017289            -0.906088419436540
             1.459099148480546            -0.905920610146687
             1.469099138943802            -0.905754123329580
             1.479099129407059            -0.905588939089672
             1.489099119870316            -0.905425037969336
             1.499099110333573            -0.905262400936237
             1.509099100796830            -0.905100333274704
             1.519099091260087            -0.904938113426355
             1.529099081723343            -0.904777125104794
             1.539099072186600            -0.904617350468335
             1.549099062649857            -0.904458772053468
             1.559099053113114            -0.904301372764359
             1.569099162785660            -0.904145134007075
             1.579099153248917            -0.903990043115864
             1.589099143712174            -0.903836082169035
             1.599099134175431            -0.903683235443399
             1.609099124638688            -0.903531487536035
             1.619099115101944            -0.903380823355741
             1.629099105565201            -0.903231228114762
             1.639099096028458            -0.903082687320792
             1.649099086491715            -0.902933853042006
             1.659099076954972            -0.902785555952952
             1.669099067418229            -0.902638289475615
             1.679099057881486            -0.902492039932307
             1.689099048344742            -0.902346793911088
             1.699099158017289            -0.902202536545183
             1.709099148480546            -0.902059258373247
             1.719099138943802            -0.901916945015267
             1.729099129407059            -0.901775584056683
             1.739099119870316            -0.901635163316885
             1.749099110333573            -0.901495670843427
             1.759099100796830            -0.901357094906427
             1.769099091260087            -0.901219423993125
             1.779099081723343            -0.901082646802617
             1.789099072186600            -0.900946752240738
             1.799099062649857            -0.900810565854715
             1.809099053113114            -0.900674784272403
             1.819099162785660            -0.900539866244574
             1.829099153248917            -0.900405804453973
             1.839099143712174            -0.900272586941194
             1.849099134175431            -0.900140203543771
             1.859099124638688            -0.900008644278446
             1.869099115101944            -0.899877899337021
             1.879099105565201            -0.899747959082333
             1.889099096028458            -0.899618814044336
             1.899099086491715            -0.899490454916305
             1.909099076954972            -0.899362872551133
             1.919099067418229            -0.899236057957745
             1.929099057881486            -0.899110002297601
             1.939099048344742            -0.898984696881302
             1.949099158017289            -0.898860131684756
             1.959099148480546            -0.898735160492944
             1.969099138943802            -0.898610612313992
             1.979099129407059            -0.898486793008352
             1.989099119870316            -0.898363694420322
             1.999099110333573            -0.898241308527942
             2.009099100796830            -0.898119627440119
             2.019099091260086            -0.897998643393824
             2.029099081723343            -0.897878348751366
             2.039099072186600            -0.897758735997734
             2.049099062649857            -0.897639797738010
             2.059099053113114            -0.897521526694850
             2.069099043576371            -0.897403915706032
             2.079099153248917            -0.897286946539105
             2.089099143712174            -0.897169294998366
             2.099099134175431            -0.897052293177315
             2.109099124638687            -0.896935934214979
             2.119099115101944            -0.896820211356588
             2.129099105565201            -0.896705117951415
             2.139099096028458            -0.896590647450678
             2.149099086491715            -0.896476793405481
             2.159099076954972            -0.896363549464821
             2.169099067418228            -0.896250909373632
             2.179099057881485            -0.896138866970884
             2.189099048344742            -0.896027416187726
             2.199099038807999            -0.895916551045676
             2.209099029271256            -0.895806128104263
             2.219099019734513            -0.895695175952729
             2.229099010197769            -0.895584801186418
             2.239099000661026            -0.895474998059177
             2.249098991124283            -0.895365760908694
             2.259098981587540            -0.895257084154896
             2.269099210469376            -0.895148959727122
             2.279099200932633            -0.895041387360657
             2.289099191395890            -0.894934359128455
             2.299099181859146            -0.894827869764077
             2.309099172322403            -0.894721914075837
             2.319099162785660            -0.894616486945411
             2.329099153248917            -0.894511583326475
             2.339099143712174            -0.894407198243374
             2.349099134175431            -0.894303326789824
             2.359099124638687            -0.894199964127639
             2.369099115101944            -0.894097105485493
             2.379099105565201            -0.893994746157701
             2.389099096028458            -0.893892881503038
             2.399099086491715            -0.893790499515491
             2.409099076954972            -0.893688502505156
             2.419099067418228            -0.893586994145451
             2.429099057881485            -0.893485969956912
             2.439099048344742            -0.893385425520307
             2.449099038807999            -0.893285356475574
             2.459099029271256            -0.893185758520777
             2.469099019734513            -0.893086627411089
             2.479099010197769            -0.892987958957799
             2.489099000661026            -0.892889749027332
             2.499098991124283            -0.892791993540300
             2.509098981587540            -0.892694688470568
             2.519098972050797            -0.892597829844337
             2.529099200932633            -0.892501411445760
             2.539099191395890            -0.892405434000459
             2.549099181859146            -0.892309891382365
             2.559099172322403            -0.892214779818285
             2.569099162785660            -0.892120095583077
             2.579099153248917            -0.892025834998849
             2.589099143712174            -0.891931299099883
             2.599099134175431            -0.891836875703988
             2.609099124638687            -0.891742871490207
             2.619099115101944            -0.891649282896292
             2.629099105565201            -0.891556106404419
             2.639099096028458            -0.891463338540451
             2.649099086491715            -0.891370975873232
             2.659099076954972            -0.891279015013887
             2.669099067418228            -0.891187452615134
             2.679099057881485            -0.891096285370617
             2.689099048344742            -0.891005510014245
             2.699099038807999            -0.890915123319552
             2.709099029271256            -0.890825122099060
             2.719099019734513            -0.890735503203662
             2.729099010197769            -0.890646263522019
             2.739099000661026            -0.890557399979957
             2.749098991124283            -0.890468909539888
             2.759098981587540            -0.890380789200238
             2.769098972050797            -0.890293035994885
             2.779099200932633            -0.890205644913407
             2.789099191395890            -0.890118210895412
             2.799099181859146            -0.890030638253326
             2.809099172322403            -0.889943426502530
             2.819099162785660            -0.889856572794961
             2.829099153248917            -0.889770074315549
             2.839099143712174            -0.889683928281711
             2.849099134175431            -0.889598131942860
             2.859099124638687            -0.889512682579920
             2.869099115101944            -0.889427577504855
             2.879099105565201            -0.889342814060198
             2.889099096028458            -0.889258389618599
             2.899099086491715            -0.889174301582372
             2.909099076954972            -0.889090547383057
             2.919099067418228            -0.889007124480990
             2.929099057881485            -0.888924030364872
             2.939099048344742            -0.888841262551361
             2.949099038807999            -0.888758818584653
             2.959099029271256            -0.888676120817035
             2.969099019734513            -0.888593480309749
             2.979099010197769            -0.888511161057054
             2.989099000661026            -0.888429160667184
             2.999098991124283            -0.888347476774510
             3.009098981587540            -0.888266107039173
             3.019098972050797            -0.888185049146708
             3.029098962514054            -0.888104300807687
             3.039099191395890            -0.888023857843138
             3.049099181859146            -0.887943721848327
             3.059099172322403            -0.887863888685297
             3.069099162785660            -0.887784356161258
             3.079099153248917            -0.887705122106739
             3.089099143712174            -0.887626184375255
             3.099099134175431            -0.887547540842993
             3.109099124638687            -0.887468420563060
             3.119099115101944            -0.887389571608646
             3.129099105565201            -0.887311014754142
             3.139099096028458            -0.887232747927231
             3.149099086491715            -0.887154769077179
             3.159099076954972            -0.887077076174542
             3.169099067418228            -0.886999667210875
             3.179099057881485            -0.886922540198447
             3.189099048344742            -0.886845693169956
             3.199099038807999            -0.886769124178260
             3.209099029271256            -0.886692831296099
             3.219099019734513            -0.886616812615830
             3.229099010197769            -0.886541066249168
             3.239099000661026            -0.886465590326921
             3.249098991124283            -0.886390382998742
             3.259098981587540            -0.886315442432877
             3.269098972050797            -0.886240766815916
             3.279098962514054            -0.886166354352559
             3.289098952977310            -0.886092203265371
             3.299099181859146            -0.886018310035921
             3.309099172322403            -0.885944676445200
             3.319099162785660            -0.885871299003191
             3.329099153248917            -0.885798013569342
             3.339099143712174            -0.885724425253775
             3.349099134175431            -0.885651091536785
             3.359099124638687            -0.885578010730962
             3.369099115101944            -0.885505181165322
             3.379099105565201            -0.885432601185093
             3.389099096028458            -0.885360269151510
             3.399099086491715            -0.885288183441610
             3.409099076954972            -0.885216342448032
             3.419099067418228            -0.885144744578820
             3.429099057881485            -0.885073388257230
             3.439099048344742            -0.885002271921537
             3.449099038807999            -0.884931394024846
             3.459099029271256            -0.884860753034911
             3.469099019734513            -0.884790347433948
             3.479099010197769            -0.884720175718457
             3.489099000661026            -0.884650236399046
             3.499098991124283            -0.884580528000256
             3.509098981587540            -0.884511049060391
             3.519098972050797            -0.884441798131346
             3.529098962514054            -0.884372773778443
             3.539098952977310            -0.884303974580269
             3.549099181859146            -0.884235397496199
             3.559099172322403            -0.884167044400770
             3.569099162785660            -0.884098676215348
             3.579099153248917            -0.884030110578553
             3.589099143712174            -0.883961766172253
             3.599099134175431            -0.883893641628595
             3.609099124638687            -0.883825735592149
             3.619099115101944            -0.883758046719759
             3.629099105565201            -0.883690573680396
             3.639099096028458            -0.883623315155017
             3.649099086491715            -0.883556269836421
             3.659099076954972            -0.883489436429109
             3.669099067418228            -0.883422813649146
             3.679099057881485            -0.883356400224027
             3.689099048344742            -0.883290194892542
             3.699099038807999            -0.883224196404643
             3.709099029271256            -0.883158403521315
             3.719099019734513            -0.883092815014450
             3.729099010197769            -0.883027429666716
             3.739099000661026            -0.882962246271438
             3.749098991124283            -0.882897263632469
             3.759098981587540            -0.882832480564076
             3.769098972050797            -0.882767895890816
             3.779098962514054            -0.882703508447420
             3.789098952977310            -0.882639317078676
             3.799098943440567            -0.882575320639317
             3.809099172322403            -0.882511516475034
             3.819099162785660            -0.882447699497767
             3.829099153248917            -0.882383685420589
             3.839099143712174            -0.882319864336353
             3.849099134175431            -0.882256235129763
             3.859099124638687            -0.882192796694994
             3.869099115101944            -0.882129547935582
             3.879099105565201            -0.882066487764326
             3.889099096028458            -0.882003615103178
             3.899099086491715            -0.881940928883148
             3.909099076954972            -0.881878428044201
             3.919099067418228            -0.881816111535155
             3.929099057881485            -0.881753978313591
             3.939099048344742            -0.881692027345750
             3.949099038807999            -0.881630257606443
             3.959099029271256            -0.881568668078954
             3.969099019734513            -0.881507257754953
             3.979099010197769            -0.881446025634396
             3.989099000661026            -0.881384970725447
             3.999098991124283            -0.881324092044379
             4.009098981587540            -0.881263388615492
             4.019098972050797            -0.881202859471027
             4.029098962514054            -0.881142503651080
             4.039098952977310            -0.881082320203516
             4.049098943440567            -0.881022308183889
             4.059099172322403            -0.880962465230650
             4.069099162785660            -0.880902793267938
             4.079099153248917            -0.880843205255861
             4.089099143712174            -0.880783324970501
             4.099098895756851            -0.880723615105486
             4.109099124638687            -0.880664070481456
             4.119098876683365            -0.880604695869706
             4.129099105565201            -0.880545484707638
             4.139098857609879            -0.880486441749064
             4.149099086491715            -0.880427560477181
             4.159098838536393            -0.880368845628362
             4.169099067418228            -0.880310290730972
             4.179098819462906            -0.880251900503990
             4.189099048344742            -0.880193668520330
             4.199099277226578            -0.880135596716414
             4.209099029271256            -0.880077687004734
             4.219099258153092            -0.880019933023896
             4.229099010197769            -0.879962339449611
             4.239099239079605            -0.879904899963544
             4.249098991124283            -0.879847619224187
             4.259099220006119            -0.879790490955690
             4.269098972050797            -0.879733519799384
             4.279099200932633            -0.879676699521335
             4.289098952977310            -0.879620034745770
             4.299099181859146            -0.879563519280120
             4.309098933903824            -0.879507157731565
             4.319099162785660            -0.879450943948357
             4.329098914830338            -0.879394882520691
             4.339099143712174            -0.879338967337108
             4.349098895756851            -0.879283202970876
             4.359099124638687            -0.879227205518722
             4.369098876683365            -0.879171237742087
             4.379099105565201            -0.879115415074288
             4.389098857609879            -0.879059742090606
             4.399099086491715            -0.879004212738781
             4.409098838536393            -0.878948831577205
             4.419099067418228            -0.878893592592425
             4.429098819462906            -0.878838500326012
             4.439099048344742            -0.878783548802826
             4.449099277226578            -0.878728739937643
             4.459099029271256            -0.878674075623277
             4.469099258153092            -0.878619549941162
             4.479099010197769            -0.878565167391105
             4.489099239079605            -0.878510678059185
             4.499098991124283            -0.878456091917150
             4.509099220006119            -0.878401643400801
             4.519098972050797            -0.878347337012049
             4.529099200932633            -0.878293166886070
             4.539098952977310            -0.878239137508176
             4.549099181859146            -0.878185243049817
             4.559098933903824            -0.878131487979778
             4.569099162785660            -0.878077866505339
             4.579098914830338            -0.878024383078829
             4.589099143712174            -0.877971031942923
             4.599098895756851            -0.877917817533565
             4.609099124638687            -0.877864734128399
             4.619098876683365            -0.877811786147060
             4.629099105565201            -0.877758967901736
             4.639098857609879            -0.877706283795826
             4.649099086491715            -0.877653728175653
             4.659098838536393            -0.877601305428454
             4.669099067418228            -0.877549009934279
             4.679098819462906            -0.877496846064279
             4.689099048344742            -0.877444808231834
             4.699099277226578            -0.877392898319921
             4.709099029271256            -0.877341118191342
             4.719099258153092            -0.877289462308739
             4.729099010197769            -0.877237935003375
             4.739099239079605            -0.877186530770256
             4.749098991124283            -0.877135253924823
             4.759099220006119            -0.877084061893187
             4.769098972050797            -0.877032586946391
             4.779099200932633            -0.876981234286236
             4.789098952977310            -0.876930008230387
             4.799099181859146            -0.876878903317758
             4.809098933903824            -0.876827923850269
             4.819099162785660            -0.876777064398160
             4.829098914830338            -0.876726329247685
             4.839099143712174            -0.876675713000057
             4.849098895756851            -0.876625219925940
             4.859099124638687            -0.876574844657170
             4.869098876683365            -0.876524591448897
             4.879099105565201            -0.876474454963238
             4.889098857609879            -0.876424439439907
             4.899099086491715            -0.876374539570962
             4.909098838536393            -0.876324759580760
             4.919099067418228            -0.876275094190966
             4.929098819462906            -0.876225547610661
             4.939099048344742            -0.876176114590787
             4.949098800389420            -0.876126799325225
             4.959099029271256            -0.876077596593877
             4.969099258153092            -0.876028508237557
             4.979099010197769            -0.875979536078638
             4.989099239079605            -0.875930674939870
             4.999098991124283            -0.875881928977469
             5.009099220006119            -0.875833293042362
             5.019098972050797            -0.875784771275838
             5.029099200932633            -0.875736358556695
             5.039098952977310            -0.875688059011370
             5.049099181859146            -0.875639867546238
             5.059098933903824            -0.875591788272962
             5.069099162785660            -0.875543460245392
             5.079098914830338            -0.875495190001659
             5.089099143712174            -0.875447027242803
             5.099098895756851            -0.875398976082998
             5.109099124638687            -0.875351031463775
             5.119098876683365            -0.875303197484623
             5.129099105565201            -0.875255469113850
             5.139098857609879            -0.875207850436334
             5.149099086491715            -0.875160336446881
             5.159098838536393            -0.875112931215839
             5.169099067418228            -0.875065629764235
             5.179098819462906            -0.875018436147959
             5.189099048344742            -0.874971345413989
             5.199098800389420            -0.874924361603840
             5.209099029271256            -0.874877479790166
             5.219099258153092            -0.874830701772154
             5.229099010197769            -0.874784029331968
             5.239099239079605            -0.874737457580291
             5.249098991124283            -0.874690990523033
             5.259099220006119            -0.874644623295906
             5.269098972050797            -0.874598359890711
             5.279099200932633            -0.874552195467935
             5.289098952977310            -0.874506134005346
             5.299099181859146            -0.874460170687954
             5.309098933903824            -0.874414309479574
             5.319099162785660            -0.874368545589493
             5.329098914830338            -0.874322882967645
             5.339099143712174            -0.874277316847353
             5.349098895756851            -0.874231851164744
             5.359099124638687            -0.874186481176940
             5.369098876683365            -0.874141210806337
             5.379099105565201            -0.874095899077524
             5.389098857609879            -0.874050444753668
             5.399099086491715            -0.874005085671011
             5.409098838536393            -0.873959825754818
             5.419099067418228            -0.873914660290640
             5.429098819462906            -0.873869593190097
             5.439099048344742            -0.873824619761912
             5.449098800389420            -0.873779743904138
             5.459099029271256            -0.873734960948445
             5.469099258153092            -0.873690272650787
             5.479099010197769            -0.873645680751371
             5.489099239079605            -0.873601180615871
             5.499098991124283            -0.873556776108745
             5.509099220006119            -0.873512462618061
             5.519098972050797            -0.873468243994968
             5.529099200932633            -0.873424115649718
             5.539098952977310            -0.873380081420221
             5.549099181859146            -0.873336136738702
             5.559098933903824            -0.873292285429907
             5.569099162785660            -0.873248522947824
             5.579098914830338            -0.873204853104106
             5.589099143712174            -0.873161271374300
             5.599098895756851            -0.873117781557042
             5.609099124638687            -0.873074379149230
             5.619098876683365            -0.873031067936554
             5.629099105565201            -0.872987843437068
             5.639098857609879            -0.872944709423585
             5.649099086491715            -0.872901661435119
             5.659098838536393            -0.872858703231677
             5.669099067418228            -0.872815830373038
             5.679098819462906            -0.872773046606473
             5.689099048344742            -0.872730347512335
             5.699098800389420            -0.872687736825232
             5.709099029271256            -0.872645023885380
             5.719098781315934            -0.872602236701480
             5.729099010197769            -0.872559533849229
             5.739099239079605            -0.872516917036450
             5.749098991124283            -0.872474387956458
             5.759099220006119            -0.872431942222526
             5.769098972050797            -0.872389583553665
             5.779099200932633            -0.872347307583142
             5.789098952977310            -0.872305118017487
             5.799099181859146            -0.872263010509778
             5.809098933903824            -0.872220988754140
             5.819099162785660            -0.872179048423284
             5.829098914830338            -0.872137193198992
             5.839099143712174            -0.872095418773436
             5.849098895756851            -0.872053728816125
             5.859099124638687            -0.872012119038516
             5.869098876683365            -0.871970593097914
             5.879099105565201            -0.871929146724891
             5.889098857609879            -0.871887783564615
             5.899099086491715            -0.871846499366602
             5.909098838536393            -0.871805297763952
             5.919099067418228            -0.871764174524960
             5.929098819462906            -0.871723133270722
             5.939099048344742            -0.871682169788149
             5.949098800389420            -0.871641287686401
             5.959099029271256            -0.871600482770839
             5.969098781315934            -0.871559758638754
             5.979099010197769            -0.871519111113800
             5.989099239079605            -0.871478541848874
             5.999098991124283            -0.871438052483529
             6.009099220006119            -0.871397343530027
             6.019098972050797            -0.871356683811002
             6.029099200932633            -0.871316100149360
             6.039098952977310            -0.871275596128296
             6.049099181859146            -0.871235167599412
             6.059098933903824            -0.871194818134206
             6.069099162785660            -0.871154543602095
             6.079098914830338            -0.871114347562944
             6.089099143712174            -0.871074225903834
             6.099098895756851            -0.871034182173062
             6.109099124638687            -0.870994212275223
             6.119098876683365            -0.870954319747108
             6.129099105565201            -0.870914500510680
             6.139098857609879            -0.870874758091289
             6.149099086491715            -0.870835088428117
             6.159098838536393            -0.870795495035136
             6.169099067418228            -0.870755973868606
             6.179098819462906            -0.870716416270970
             6.189099048344742            -0.870676726640430
             6.199098800389420            -0.870637113056810
             6.209099029271256            -0.870597571476358
             6.219098781315934            -0.870558105405578
             6.229099010197769            -0.870518710817578
             6.239099239079605            -0.870479389334404
             6.249098991124283            -0.870440142565526
             6.259099220006119            -0.870400966509087
             6.269098972050797            -0.870361864643590
             6.279099200932633            -0.870322832983696
             6.289098952977310            -0.870283874996816
             6.299099181859146            -0.870244986713990
             6.309098933903824            -0.870206171591600
             6.319099162785660            -0.870167425676936
             6.329098914830338            -0.870128752415407
             6.339099143712174            -0.870090147870422
             6.349098895756851            -0.870051615476477
             6.359099124638687            -0.870013151312970
             6.369098876683365            -0.869974758803545
             6.379099105565201            -0.869936434043460
             6.389098857609879            -0.869898180445565
             6.399099086491715            -0.869859994120851
             6.409098838536393            -0.869821878471435
             6.419099067418228            -0.869783829623914
             6.429098819462906            -0.869745850969731
             6.439099048344742            -0.869707938650966
             6.449098800389420            -0.869670096048442
             6.459099029271256            -0.869632319319602
             6.469098781315934            -0.869594611834711
             6.479099010197769            -0.869556969766450
             6.489098762242447            -0.869519396474581
             6.499098991124283            -0.869481888146906
             6.509099220006119            -0.869444446349000
             6.519098972050797            -0.869407072634892
             6.529099200932633            -0.869369763214845
             6.539098952977310            -0.869332368323199
             6.549099181859146            -0.869294897959286
             6.559098933903824            -0.869257495518571
             6.569099162785660            -0.869220157209991
             6.579098914830338            -0.869182886371452
             6.589099143712174            -0.869145679226668
             6.599098895756851            -0.869108539103245
             6.609099124638687            -0.869071462239558
             6.619098876683365            -0.869034451952971
             6.629099105565201            -0.868997504496406
             6.639098857609879            -0.868960623177040
             6.649099086491715            -0.868923804262234
             6.659098838536393            -0.868887051049029
             6.669099067418228            -0.868850359819114
             6.679098819462906            -0.868813733859452
             6.689099048344742            -0.868777169465951
             6.699098800389420            -0.868740669915549
             6.709099029271256            -0.868704231518266
             6.719098781315934            -0.868667857541067
             6.729099010197769            -0.868631544307980
             6.739098762242447            -0.868595295076049
             6.749098991124283            -0.868559106183205
             6.759099220006119            -0.868522979155465
             6.769098972050797            -0.868486915508038
             6.779099200932633            -0.868450911599510
             6.789098952977310            -0.868414970662359
             6.799099181859146            -0.868379089068817
             6.809098933903824            -0.868343270041626
             6.819099162785660            -0.868307509966562
             6.829098914830338            -0.868271812056684
             6.839099143712174            -0.868236172711210
             6.849098895756851            -0.868200595133566
             6.859099124638687            -0.868165075736316
             6.869098876683365            -0.868129617713304
             6.879099105565201            -0.868094217490341
             6.889098857609879            -0.868058878251741
             6.899099086491715            -0.868023596436466
             6.909098838536393            -0.867988296488756
             6.919099067418228            -0.867952860988336
             6.929098819462906            -0.867917486359862
             6.939099048344742            -0.867882169039961
             6.949098800389420            -0.867846912207884
             6.959099029271256            -0.867811712313276
             6.969098781315934            -0.867776572525962
             6.979099010197769            -0.867741489308511
             6.989098762242447            -0.867706465821371
             6.999098991124283            -0.867671498539942
             7.009099220006119            -0.867636588952135
             7.019098972050797            -0.867601738535715
             7.029099200932633            -0.867566943785156
             7.039098952977310            -0.867532207837679
             7.049099181859146            -0.867497527200362
             7.059098933903824            -0.867462905001218
             7.069099162785660            -0.867428337759841
             7.079098914830338            -0.867393828595085
             7.089099143712174            -0.867359374038969
             7.099098895756851            -0.867324977201238
             7.109099124638687            -0.867290634626249
             7.119098876683365            -0.867256349414682
             7.129099105565201            -0.867222118123147
             7.139098857609879            -0.867187943843309
             7.149099086491715            -0.867153823143943
             7.159098838536393            -0.867119759107745
             7.169099067418228            -0.867085748315571
             7.179098819462906            -0.867051793841194
             7.189099048344742            -0.867017892277468
             7.199098800389420            -0.866984046689288
             7.209099029271256            -0.866950253681425
             7.219098781315934            -0.866916516309942
             7.229099010197769            -0.866882831191441
             7.239098762242447            -0.866849201373200
             7.249098991124283            -0.866815623483574
             7.259099220006119            -0.866782098963831
             7.269098972050797            -0.866748629245799
             7.279099200932633            -0.866715210975309
             7.289098952977310            -0.866681847177870
             7.299099181859146            -0.866648376382081
             7.309098933903824            -0.866614866121784
             7.319099162785660            -0.866581407230570
             7.329098914830338            -0.866548002738584
             7.339099143712174            -0.866514649300081
             7.349098895756851            -0.866481349936576
             7.359099124638687            -0.866448101313774
             7.369098876683365            -0.866414906444608
             7.379099105565201            -0.866381762006150
             7.389098857609879            -0.866348671002797
             7.399099086491715            -0.866315630122916
             7.409098838536393            -0.866282642362406
             7.419099067418228            -0.866249704420854
             7.429098819462906            -0.866216819285707
             7.439099048344742            -0.866183983667695
             7.449098800389420            -0.866151200545855
             7.459099029271256            -0.866118466641988
             7.469098781315934            -0.866085784926764
             7.479099010197769            -0.866053152132980
             7.489098762242447            -0.866020571222982
             7.499098991124283            -0.865988038940489
             7.509098743168961            -0.865955558239566
             7.519098972050797            -0.865923125874785
             7.529099200932633            -0.865890743249062
             7.539098952977310            -0.865858411756467
             7.549099181859146            -0.865826128167717
             7.559098933903824            -0.865793895416349
             7.569099162785660            -0.865761710283758
             7.579098914830338            -0.865729575695341
             7.589099143712174            -0.865697488443100
             7.599098895756851            -0.865665451444336
             7.609099124638687            -0.865633461501585
             7.619098876683365            -0.865601521524093
             7.629099105565201            -0.865569628324866
             7.639098857609879            -0.865537784805132
             7.649099086491715            -0.865505987788298
             7.659098838536393            -0.865474240167617
             7.669099067418228            -0.865442538776831
             7.679098819462906            -0.865410886501254
             7.689099048344742            -0.865379280184898
             7.699098800389420            -0.865347604240032
             7.709099029271256            -0.865315858325214
             7.719098781315934            -0.865284161479859
             7.729099010197769            -0.865252510544280
             7.739098762242447            -0.865220908400697
             7.749098991124283            -0.865189351899607
             7.759098743168961            -0.865157843915371
             7.769098972050797            -0.865126381308608
             7.779099200932633            -0.865094965448983
             7.789098952977310            -0.865063597697806
             7.799099181859146            -0.865032274930758
             7.809098933903824            -0.865001000002724
             7.819099162785660            -0.864969769799348
             7.829098914830338            -0.864938587167793
             7.839099143712174            -0.864907449003600
             7.849098895756851            -0.864876358146247
             7.859099124638687            -0.864845311501116
             7.869098876683365            -0.864814311900034
             7.879099105565201            -0.864783356258162
             7.889098857609879            -0.864752447399715
             7.899099086491715            -0.864721582249570
             7.909098838536393            -0.864690763624370
             7.919099067418228            -0.864659988458647
             7.929098819462906            -0.864629259561509
             7.939099048344742            -0.864598573877083
             7.949098800389420            -0.864567934206978
             7.959099029271256            -0.864537337504858
             7.969098781315934            -0.864506786564867
             7.979099010197769            -0.864476278350151
             7.989098762242447            -0.864445815647425
             7.999098991124283            -0.864415395429257
             8.009098743168961            -0.864385020474970
             8.019098972050797            -0.864354687766494
             8.029099200932633            -0.864324398632571
             8.039098952977310            -0.864294154394122
             8.049099181859146            -0.864263952047015
             8.059098933903824            -0.864233794352252
             8.069099162785660            -0.864203678314925
             8.079098914830338            -0.864173606688768
             8.089099143712174            -0.864143420277341
             8.099099372594010            -0.864113213726014
             8.109098647801529            -0.864083053118852
             8.119098876683365            -0.864052932584869
             8.129099105565201            -0.864022854885246
             8.139099334447037            -0.863992819903031
             8.149098609654557            -0.863962830379950
             8.159098838536393            -0.863932880479537
             8.169099067418228            -0.863902972948505
             8.179099296300064            -0.863873107671770
             8.189098571507584            -0.863843287376790
             8.199098800389420            -0.863813506261227
             8.209099029271256            -0.863783767057467
             8.219099258153092            -0.863754069652249
             8.229098533360611            -0.863724416758905
             8.239098762242447            -0.863694802608834
             8.249098991124283            -0.863665229920231
             8.259099220006119            -0.863635494089240
             8.269098495213639            -0.863605791983317
             8.279098724095475            -0.863576128597925
             8.289098952977310            -0.863546506656301
             8.299099181859146            -0.863516926047321
             8.309099410740982            -0.863487386660296
             8.319098685948502            -0.863457891196130
             8.329098914830338            -0.863428433918792
             8.339099143712174            -0.863399017533967
             8.349099372594010            -0.863369641932698
             8.359098647801529            -0.863340309802052
             8.369098876683365            -0.863311015438867
             8.379099105565201            -0.863281761534934
             8.389099334447037            -0.863252547982991
             8.399098609654557            -0.863223377456399
             8.409098838536393            -0.863194244284500
             8.419099067418228            -0.863165151145320
             8.429099296300064            -0.863136097933258
             8.439098571507584            -0.863107087308097
             8.449098800389420            -0.863078113631324
             8.459099029271256            -0.863049179567329
             8.469099258153092            -0.863020285012137
             8.479098533360611            -0.862991432612080
             8.489098762242447            -0.862962616760436
             8.499098991124283            -0.862933840108086
             8.509099220006119            -0.862905102552652
             8.519098495213639            -0.862876406727135
             8.529098724095475            -0.862847747056258
             8.539098952977310            -0.862819126177521
             8.549099181859146            -0.862790543990104
             8.559099410740982            -0.862762000393576
             8.569098685948502            -0.862733498004453
             8.579098914830338            -0.862705031286282
             8.589099143712174            -0.862676602860008
             8.599099372594010            -0.862648212626722
             8.609098647801529            -0.862619863189885
             8.619098876683365            -0.862591549043728
             8.629099105565201            -0.862563272796089
             8.639099334447037            -0.862535034349551
             8.649098609654557            -0.862506836294643
             8.659098838536393            -0.862478673155947
             8.669099067418228            -0.862450547528317
             8.679099296300064            -0.862422459315797
             8.689098571507584            -0.862394290733049
             8.699098800389420            -0.862366076554537
             8.709099029271256            -0.862337899884082
             8.719099258153092            -0.862309760625976
             8.729098533360611            -0.862281661363043
             8.739098762242447            -0.862253596640402
             8.749098991124283            -0.862225569045145
             8.759099220006119            -0.862197578482990
             8.769098495213639            -0.862169627524054
             8.779098724095475            -0.862141710743157
             8.789098952977310            -0.862113830714635
             8.799099181859146            -0.862085987345604
             8.809099410740982            -0.862058180543527
             8.819098685948502            -0.862030412862800
             8.829098914830338            -0.862002678914929
             8.839099143712174            -0.861974981258465
             8.849099372594010            -0.861947319802236
             8.859098647801529            -0.861919697088185
             8.869098876683365            -0.861892107756825
             8.879099105565201            -0.861864554354206
             8.889099334447037            -0.861837036790495
             8.899098609654557            -0.861809557595297
             8.909098838536393            -0.861782111437824
             8.919099067418228            -0.861754700851742
             8.929099296300064            -0.861727325748529
             8.939098571507584            -0.861699988645562
             8.949098800389420            -0.861672684240456
             8.959099029271256            -0.861645415054602
             8.969099258153092            -0.861618181000765
             8.979098533360611            -0.861590984584203
             8.989098762242447            -0.861563820530640
             8.999098991124283            -0.861536691349303
             9.009099220006119            -0.861509596954220
             9.019098495213639            -0.861482539838633
             9.029098724095475            -0.861455514756092
             9.039098952977310            -0.861428524203764
             9.049099181859146            -0.861401568096917
             9.059099410740982            -0.861374646351124
             9.069098685948502            -0.861347761444760
             9.079098914830338            -0.861320908165755
             9.089099143712174            -0.861294088996352
             9.099099372594010            -0.861267303853336
             9.109098647801529            -0.861240555203306
             9.119098876683365            -0.861213837861380
             9.129099105565201            -0.861187154297983
             9.139099334447037            -0.861160371141755
             9.149098609654557            -0.861133570273125
             9.159098838536393            -0.861106800716019
             9.169099067418228            -0.861080064946015
             9.179099296300064            -0.861053362881247
             9.189098571507584            -0.861026696981786
             9.199098800389420            -0.861000062079871
             9.209099029271256            -0.860973460639354
             9.219099258153092            -0.860946892579530
             9.229098533360611            -0.860920360348889
             9.239098762242447            -0.860893858806318
             9.249098991124283            -0.860867390404045
             9.259099220006119            -0.860840955062506
             9.269098495213639            -0.860814555218710
             9.279098724095475            -0.860788185757924
             9.289098952977310            -0.860761849120857
             9.299099181859146            -0.860735545229061
             9.309099410740982            -0.860709274004359
             9.319098685948502            -0.860683037869556
             9.329098914830338            -0.860656831742522
             9.339099143712174            -0.860630658049711
             9.349099372594010            -0.860604516714037
             9.359098647801529            -0.860578410147048
             9.369098876683365            -0.860552333292410
             9.379099105565201            -0.860526288565280
             9.389099334447037            -0.860500275889645
             9.399098609654557            -0.860474297665891
             9.409098838536393            -0.860448348863227
             9.419099067418228            -0.860422431885611
             9.429099296300064            -0.860396546658082
             9.439098571507584            -0.860370695569961
             9.449098800389420            -0.860344873615750
             9.459099029271256            -0.860319083188304
             9.469099258153092            -0.860293324213694
             9.479098533360611            -0.860267599070271
             9.489098762242447            -0.860241902777584
             9.499098991124283            -0.860216237717481
             9.509099220006119            -0.860190603817045
             9.519098495213639            -0.860165003443751
             9.529098724095475            -0.860139431641953
             9.539098952977310            -0.860113890782582
             9.549099181859146            -0.860088380793720
             9.559098457066666            -0.860062904032056
             9.569098685948502            -0.860037455566508
             9.579098914830338            -0.860012037757188
             9.589099143712174            -0.859986650533153
             9.599099372594010            -0.859961248979494
             9.609098647801529            -0.859935750060767
             9.619098876683365            -0.859910279381637
             9.629099105565201            -0.859884839304680
             9.639099334447037            -0.859859429759305
             9.649098609654557            -0.859834053093994
             9.659098838536393            -0.859808704398073
             9.669099067418228            -0.859783386023401
             9.679099296300064            -0.859758097900340
             9.689098571507584            -0.859732842366778
             9.699098800389420            -0.859707614536094
             9.709099029271256            -0.859682416749517
             9.719099258153092            -0.859657248938346
             9.729098533360611            -0.859632113429966
             9.739098762242447            -0.859607005361575
             9.749098991124283            -0.859581927063867
             9.759099220006119            -0.859556878469058
             9.769098495213639            -0.859531861894119
             9.779098724095475            -0.859506872499844
             9.789098952977310            -0.859481912606478
             9.799099181859146            -0.859456982147139
             9.809098457066666            -0.859432083428468
             9.819098685948502            -0.859407211634636
             9.829098914830338            -0.859382369075524
             9.839099143712174            -0.859357555685139
             9.849099372594010            -0.859332771397703
             9.859098647801529            -0.859308018507066
             9.869098876683365            -0.859283292226312
             9.879099105565201            -0.859258594852490
             9.889099334447037            -0.859233926320693
             9.899098609654557            -0.859209288914631
             9.909098838536393            -0.859184677870277
             9.919099067418228            -0.859160095474510
             9.929099296300064            -0.859135541663273
             9.939098571507584            -0.859111018710225
             9.949098800389420            -0.859086521874013
             9.959099029271256            -0.859062053431431
             9.969099258153092            -0.859037613319259
             9.979098533360611            -0.859013203801183
             9.989098762242447            -0.858988820158318
             9.999098991124283            -0.858964464657455
            10.009099220006119            -0.858940137236197
            10.019098495213639            -0.858915840148339
            10.029098724095475            -0.858891568697258
            10.039098952977310            -0.858867325139822
            10.049099181859146            -0.858843109414445
            10.059098457066666            -0.858818923765110
            10.069098685948502            -0.858794763517254
            10.079098914830338            -0.858770597315167
